1389
22852 40251 78
56589 55982 296
28123 74047 169
61577 10568 215
2609 71658 250
18642 2036 151
32710 61182 78
61161 99036 78
84501 43153 215
13805 16812 302
42472 42472 11
47946 97046 9
8897 64711 12
81501 86651 296
14377 38075 151
44211 75088 78
62551 58847 250
14540 14538 302
39415 25601 260
78417 76797 193
82368 74959 251
96640 98610 9
31839 18083 78
78547 914 196
68678 9119 302
87793 87792 193
15142 8041 11
91193 12317 260
69006 99962 250
9611 43266 251
99052 41936 251
60250 6364 251
91212 42386 260
70287 47360 151
41079 34746 251
54889 96713 215
37137 98214 78
30679 15143 151
91214 20727 260
92888 22171 215
39435 12317 260
36563 29499 250
22940 22069 155
47312 3420 78
39658 38229 78
52190 12733 151
25387 86003 78
33988 8659 215
15458 73076 193
30661 36801 78
52381 15293 251
44211 78976 78
83631 35266 151
95676 95676 78
19560 299 260
100090 74407 267
99131 99894 47
51888 63442 193
30248 58046 78
56713 13375 193
17884 27316 12
55180 14428 78
69059 93202 260
64768 2951 260
22784 15611 193
53530 98655 9
16290 62268 12
49845 49882 250
39440 21391 260
7736 99129 78
65523 77753 196
18122 89925 78
86653 62655 151
18398 32335 151
43777 45283 9
3113 4253 12
40854 53203 78
20376 2318 151
56961 46416 9
21729 36514 151
1031 1030 28
20810 3059 250
63270 27066 224
44309 6680 78
65525 98699 196
43729 7937 78
53793 18481 215
82227 32198 78
44413 48974 78
91214 95373 260
43421 34859 151
60107 64667 215
69209 15757 302
13193 13194 215
85858 763 250
13580 66084 28
85941 43374 251
85780 68492 151
1700 878 151
83501 85549 11
79592 60556 12
37137 3627 78
39662 43802 78
52974 5843 302
15721 39048 215
78910 7671 302
96418 95136 260
76537 75588 251
34140 58726 78
91194 16448 260
43185 86442 215
91226 36098 260
11722 57556 9
43660 30029 78
69205 7906 78
67264 8340 251
95091 9813 250
91188 12082 260
32413 51385 151
18834 27136 196
49170 12769 260
81791 81869 78
78741 74467 11
73172 79963 78
49524 50904 251
91927 61633 28
77221 27193 78
95539 96938 193
60513 99848 193
24209 4229 78
65701 20480 78
75052 5667 78
9830 60998 308
15293 78372 251
63356 90807 151
10596 62566 296
63270 73034 224
52381 59237 251
91205 34009 260
84671 53363 151
89817 30002 250
1563 84715 193
47243 8539 78
87696 77916 78
35810 55960 78
28149 57860 151
39405 72920 260
15293 59237 251
67546 33283 215
60362 98914 251
74377 13322 193
7623 22794 12
94933 79880 302
21903 85320 78
36341 7406 250
69579 82348 11
11083 41254 78
66107 44136 151
99699 51343 215
51421 49004 251
3980 46796 78
91192 12638 260
5152 81824 251
3726 3783 78
75876 35101 215
4836 9590 151
38378 66873 28
39388 94117 296
86138 23976 251
51912 18086 193
39438 16831 260
30560 84797 302
74676 68173 151
80153 80128 9
36876 69183 78
8734 8737 296
69664 62399 78
29604 17518 251
28086 28094 251
53585 25708 251
1006 59039 250
68761 92339 255
44396 94347 78
75330 42318 250
32109 8655 260
7750 71715 78
39957 11320 78
50052 59718 215
48583 48584 215
84653 94608 193
85541 39729 251
22984 17049 12
44304 94676 9
69167 60270 78
36816 36830 78
87909 66029 169
30823 48467 316
48958 36075 250
39440 72150 260
74006 9590 151
89776 41770 307
16202 7886 78
47243 66817 78
84590 38187 215
49170 84194 260
29051 50010 302
51340 48649 193
7750 34140 78
41774 41772 296
8669 56611 151
39432 36185 260
43729 62396 78
30902 84809 78
25300 92432 151
69008 32700 78
75037 9763 78
64768 51790 260
10729 79671 251
88322 63692 83
39413 73003 260
66796 81820 78
63353 50005 302
41483 65790 11
78198 23972 11
41093 69191 78
51993 52429 193
24268 78776 151
84487 5843 215
48103 51530 250
81320 84947 193
85941 10882 251
22196 27098 251
24594 35571 78
60107 90723 215
64895 72419 251
48860 50800 215
4093 1932 250
13476 48271 78
91203 44564 260
82442 57174 250
46115 62176 9
8103 8488 215
84501 85641 215
7878 15602 78
8103 81547 215
64988 21924 308
36349 84698 12
51293 53070 78
40817 78898 307
48647 67638 151
54847 99182 215
862 4180 250
54583 38641 11
45401 24916 78
66017 26400 260
87241 87227 250
44929 14957 250
88079 77919 9
2790 39829 78
32104 63392 260
13423 13344 12
39556 95955 78
41134 5639 151
15639 19249 307
79249 43072 251
91943 53785 28
60607 59562 78
30661 30586 78
66913 74684 296
85377 63637 78
67271 97920 78
48659 48655 78
24594 35663 78
1563 23731 193
56091 15721 215
48308 14670 78
21745 6736 151
81501 81500 296
91207 27347 260
84330 6195 296
47371 24067 78
30248 28484 78
25387 95790 78
8539 36876 78
21730 87877 151
35244 85550 250
92710 39530 78
90297 66319 250
15341 15340 193
10079 20679 302
99671 24097 215
53852 53850 215
95165 20853 78
56588 65001 151
71901 2321 78
27052 78940 251
54575 59272 251
91192 76738 260
8028 56839 251
72428 70785 78
4834 64925 302
40271 12511 78
50758 50611 250
2691 13685 151
92795 40172 78
99671 54771 215
39412 48056 260
39596 39056 250
44716 11085 250
78821 83201 251
83332 85921 151
31324 74557 78
51892 83681 308
91856 93577 28
99973 74705 215
86115 24075 151
16659 97027 9
45144 31728 78
17699 47521 251
69296 93317 151
62734 67989 155
13282 56812 260
48090 62743 28
35810 5678 78
19562 84715 260
83501 57224 12
2212 64178 250
89694 90663 251
83835 98827 11
39224 16660 155
26555 37724 78
9457 43879 250
77164 96162 78
79628 99790 251
8734 8730 235
39425 21519 260
24677 71777 78
9830 59558 308
42605 89474 250
52355 40334 151
4155 4084 250
43576 14592 12
64336 17534 78
80140 75076 78
91201 84499 260
22484 68111 251
51972 13686 193
26238 43261 11
9389 76822 193
24121 53096 78
53009 20780 11
36779 90741 9
93184 89504 250
37965 36859 250
5500 26828 78
11499 11569 251
75963 70078 11
20207 95164 9
77309 94339 78
75076 75085 78
27225 95661 78
87852 60458 260
89426 53928 9
55748 43573 251
82766 25496 78
65525 28538 196
80619 60998 308
39407 60840 260
21484 10938 9
69950 79257 250
14655 37795 78
22794 82348 11
82469 74602 251
77712 93036 11
33992 24506 215
86982 92231 12
63834 83751 193
68978 61045 78
78898 22896 151
23223 80805 251
19757 77700 215
20629 1664 59
91208 62405 260
22852 22878 78
586 59318 251
35509 90664 251
4139 74317 250
4457 16991 251
59172 20409 78
1563 76838 193
40955 75139 250
81261 99405 193
91351 94114 151
22886 69185 78
8817 82196 78
91193 16831 260
71564 38215 251
60290 35664 78
92654 55748 251
18488 51337 110
10729 41939 251
25971 40612 12
39404 52296 260
33657 33656 215
40311 40227 251
95023 79804 193
38235 9290 250
71313 2491 250
84992 96714 78
77221 87964 78
39439 84524 260
12321 12317 193
9986 28325 302
85761 23190 78
37715 66241 12
1621 37958 250
78417 12908 193
17699 82474 251
95821 15204 251
71715 70847 78
44307 263 78
48659 85115 78
91193 29353 260
93242 80133 250
42916 53535 250
91989 86575 28
55981 55979 260
35787 49066 78
35575 35586 78
40600 96260 78
87967 25540 250
39412 80253 260
48308 30616 78
63999 72501 215
90277 17589 251
97877 97876 250
91221 60758 260
25840 47475 78
56614 787 151
77712 48066 11
34211 53205 78
70704 32006 78
24594 7753 78
91191 8361 260
71446 2995 151
77707 27051 193
11763 24402 251
77285 24923 78
40984 28841 250
53644 40656 215
81500 8385 296
76131 50575 78
85515 32189 251
65462 14127 296
9830 82399 308
41773 41772 296
29079 76717 193
37760 79027 215
299 100079 260
34506 33952 296
79790 42329 78
56337 6148 302
53326 94482 215
34320 43112 151
71858 11818 250
80180 7867 78
59289 15061 250
30002 89817 250
80175 17398 250
30066 17942 78
40278 13681 78
25703 18746 215
87439 80884 9
45513 61746 250
54439 66423 9
923 39036 251
4537 78125 169
18717 36706 151
91558 72376 151
99641 35093 251
1654 9120 11
86000 73954 193
35622 6469 28
53473 78898 307
53046 3958 250
46681 1970 151
56584 12590 168
96949 53219 78
72517 18426 193
17845 85380 9
79262 9575 296
54504 79752 251
29010 80988 151
84498 10832 215
951 7971 151
9294 9294 296
14591 12592 215
9389 55894 193
14221 53616 193
25875 3981 78
54133 98657 9
40865 22033 78
3958 1444 250
54004 44529 78
5737 53214 78
71656 87366 12
29073 23510 193
8730 8736 296
81691 81688 28
36725 40592 251
47934 21991 78
30307 78505 250
18593 21805 151
26306 65793 251
39581 1932 151
46556 46557 250
14675 76504 78
96640 37854 9
65990 30267 151
27110 26655 302
40433 45905 250
6257 11054 251
67361 49917 151
28841 41044 250
72501 63999 215
65518 92630 28
39406 72313 260
62028 87249 251
10399 81049 302
64775 87772 296
72495 28403 78
35509 20869 251
64413 62419 78
18892 55371 151
58091 58090 250
81448 90387 302
56667 87931 168
99962 93242 251
25373 55452 251
95868 66084 193
64767 10665 260
18740 38560 307
92277 82505 151
91207 16831 260
62486 62485 215
11558 42945 151
51903 19282 215
35087 2641 10
31324 42669 78
79944 16386 250
44426 70804 78
92626 90621 193
19806 65305 12
41483 15229 11
63999 34976 215
81320 81319 193
88491 91331 151
93162 25700 250
13903 7213 302
89871 69376 251
92586 59660 215
17699 69407 251
39980 47676 28
52351 64716 151
61168 40852 78
48259 53215 78
83816 83815 193
88789 74328 78
79874 14792 78
99487 36516 78
75535 30113 12
99028 74327 9
4456 4457 251
39423 39191 260
12231 93077 11
40990 5083 251
60362 25367 251
3570 31850 78
13264 52351 302
91224 80253 260
54044 94824 78
63336 80506 215
39415 56833 260
15431 19447 307
53326 67544 215
35087 26558 10
37724 986 78
90976 99831 151
72946 53273 151
89025 75595 250
27819 68980 251
24787 57725 78
55974 55980 260
91211 29160 260
56961 56942 9
80918 98502 250
30352 24111 251
63270 52351 224
83330 82573 151
27173 84530 307
65135 42304 251
41623 86063 78
39420 31060 260
54082 78898 224
54548 56835 193
43987 76599 78
60513 9669 193
14705 90539 251
87893 6160 215
54106 16795 9
26855 99935 251
94468 5857 78
24452 23800 78
22886 12515 78
92694 2684 308
50256 14574 308
76676 86223 250
51881 83804 193
11614 13373 193
91659 78405 28
1722 88885 193
48308 53040 78
24121 31818 78
91193 61531 260
41650 13202 251
15377 43374 251
57389 90342 250
41494 41126 250
2589 87688 250
65537 8323 28
18797 31776 251
40854 29946 78
39419 12360 260
60513 10752 193
2491 77206 250
15156 49359 193
56667 89309 168
68628 27191 251
39412 2776 260
94948 50021 302
13986 90877 215
73177 64906 251
5300 30267 151
32104 51996 260
95083 38231 78
53588 90283 251
26855 99641 251
84139 11569 251
85352 12191 12
19024 58420 193
60219 60219 78
84498 76978 215
92917 1529 251
23972 30136 12
54847 96605 215
65705 35848 215
51981 50131 193
67650 37006 251
62551 36859 250
83138 83138 215
70699 41237 78
71717 2655 78
91576 91579 296
13806 52092 302
61793 29741 250
18767 85989 251
14647 72758 193
39412 22046 260
54489 11825 169
81688 97381 215
28601 20942 78
68295 68294 215
27301 56241 251
74114 87146 193
67396 54297 215
53074 54506 78
80093 80096 296
7906 30661 78
46827 13586 78
53039 816 78
39438 95468 260
31590 20008 78
50052 50114 215
74065 650 151
62734 62746 255
88795 27340 9
43534 62268 11
41299 49086 250
56602 4615 250
39422 54756 260
36303 78017 78
32109 23482 260
31341 17772 296
79832 46598 251
51982 74432 193
39424 39191 260
51923 87088 193
25027 14269 110
53473 73022 308
34047 49811 151
52183 33812 168
56623 38500 151
65135 32014 251
50904 49524 251
8669 25533 151
89776 39927 307
39434 97689 260
91200 72150 260
19806 85352 11
85812 12638 28
27177 58211 251
69090 40566 78
84990 3980 78
81216 14278 11
5672 44304 9
22821 39920 151
46853 23976 251
19562 72726 260
67423 64184 215
68345 29499 250
51957 56776 193
21903 20849 78
8257 97610 151
75351 77312 78
64767 14583 260
66744 52534 78
33072 3997 78
97079 82451 215
53845 57827 251
67271 25783 78
40886 20530 251
55732 66084 193
85950 60970 78
80238 34211 78
98542 69006 250
67396 82654 215
84797 75329 151
40394 2669 151
91201 11863 260
91208 40785 260
91224 10666 260
44715 41843 250
18081 75047 9
14182 926 28
54847 90772 215
19942 40686 78
24884 53514 78
9614 18296 250
39422 31343 260
84590 64138 215
45154 95838 250
39142 97386 215
70847 35560 78
93173 59360 250
91216 77704 260
75963 70078 12
31224 32406 155
95313 24891 78
58637 80858 250
73848 94565 151
91218 31343 260
4456 16991 251
35784 14704 78
35566 71678 78
20810 7986 250
83044 12236 251
35247 88134 193
39398 1664 110
91206 39191 260
55514 88749 78
91203 37005 260
39414 4752 260
91189 69392 260
67220 67281 78
99763 72501 215
53582 94357 250
93401 28886 250
43480 75513 78
75755 95800 250
32656 25533 151
91219 18145 260
46853 76623 251
87793 18415 193
89025 94697 250
24862 20869 251
91989 18736 28
20629 86834 59
25840 11257 78
59055 71584 169
33992 70230 215
75085 85834 78
18740 16913 307
13115 20780 12
30527 11003 110
69694 50591 78
97046 75623 9
74959 73207 251
58524 76047 251
43281 68370 251
95245 65728 151
24954 63637 78
51903 31343 215
34023 41460 151
82647 53007 215
77428 18803 78
39416 84877 260
39414 50279 260
91205 53859 260
91414 91413 250
97495 3664 78
93559 89337 296
15458 66021 193
76566 41290 78
41888 40770 251
34140 28504 78
94618 59155 296
70089 19249 308
99671 99670 215
31818 11264 78
36556 44313 251
3980 5856 78
89448 72282 302
31343 23527 215
65313 22619 251
67447 4613 28
87700 76676 250
80153 44332 9
57134 15026 250
94948 32656 302
72289 31357 251
93278 60248 78
61221 93578 251
67265 65385 251
87232 52780 250
13709 23895 308
39413 56183 260
61218 4145 251
37760 90765 215
19561 12604 260
66731 58590 78
39142 81672 215
81320 65243 193
76588 42655 78
91208 89523 260
38155 78480 9
40393 70303 151
80153 80167 9
39427 39191 260
74363 58786 215
40871 36888 78
59545 85456 316
17279 89829 250
55255 29090 12
82800 31219 78
53286 90650 78
94948 19284 302
42840 13239 69
30560 76240 302
61440 42231 78
91211 79566 260
40864 32509 78
18517 48069 12
35224 62763 78
64767 73234 260
24862 24811 251
13282 76961 260
71720 26497 251
14234 14234 296
8552 76444 78
61023 8873 250
18225 25520 78
42318 93231 250
47637 55923 215
92202 86691 151
91204 35846 260
28601 69016 78
14411 70662 151
44129 80154 9
6150 62512 302
35626 82761 78
80805 82894 251
31318 93338 215
27202 48245 78
25072 25072 11
51976 74052 193
98621 35824 251
40530 44208 78
20775 21102 78
79977 79976 28
57913 65379 12
43675 36888 78
68921 97244 78
69760 69505 296
67396 18454 215
6740 70682 78
39428 87169 260
99935 99790 251
81688 67542 215
81261 99851 193
91207 87939 260
93599 45833 250
20711 81303 9
15712 12269 215
93645 53219 78
32108 8361 260
99763 63999 215
57913 65366 11
92220 79592 11
11054 43713 9
96349 23074 168
36556 44312 251
93212 93209 302
39662 11373 78
61619 82676 215
90297 33705 250
73161 56585 78
99102 29787 250
39210 83631 302
88088 11556 151
89925 52237 78
86434 94486 151
64390 68492 151
23464 20809 78
53326 69446 215
58649 21809 250
91218 18086 260
18110 52512 78
4834 62512 302
77098 72252 78
15400 91156 193
19360 53683 215
71658 18347 250
95188 86461 215
78373 53785 169
31915 16793 78
42759 55028 251
15916 83044 251
37061 41586 78
99880 99879 215
42482 20986 251
35508 97351 250
74067 31314 110
15991 9290 250
53644 81615 215
99478 16150 78
54847 42467 215
42486 31946 250
24167 91512 296
66744 70992 78
47637 86562 215
37861 53513 9
82179 84647 302
26235 87831 251
96609 96633 250
65521 98628 151
41301 14688 251
99973 69765 215
41499 71313 250
91226 13348 260
83501 85549 12
56969 83464 78
6900 37588 9
31147 73924 215
48658 5856 78
22225 9615 9
91218 73869 260
39428 53453 260
39414 68037 260
65536 65185 28
81261 13820 193
92416 65594 215
9503 9501 302
10882 85941 250
58786 99763 215
21713 28625 151
22794 42116 12
22054 10969 193
27108 64177 151
75876 67890 215
43176 34557 193
11495 11498 28
95650 55464 78
37469 92394 193
37900 73076 193
64771 12057 260
31818 58820 78
94783 67328 302
94356 16484 250
65950 80568 308
31723 48259 78
37898 9933 155
68460 91464 12
73130 9287 251
36446 40788 251
19249 100059 151
26372 32930 78
91190 96536 260
11444 7680 251
54583 20780 11
64766 84632 260
43729 44320 78
91220 85955 260
468 464 28
39224 47634 255
91187 910 260
67396 84828 215
26835 71496 78
39439 22083 260
54232 28064 251
86832 86834 28
91591 91256 296
62282 23736 28
38560 83356 151
26557 41794 251
92067 98489 28
65705 85949 215
55769 6276 251
32263 20110 78
31951 32154 250
22460 81139 215
9731 89260 302
76047 58524 251
91972 55174 28
90979 6223 110
9763 20142 78
75535 30113 11
43261 26238 12
36516 70808 78
91225 52296 260
56838 60674 78
85932 85931 296
14346 14688 251
51602 51602 235
43261 26238 11
85761 42595 78
44211 74962 78
19560 98483 260
116 39927 302
23556 89617 11
61864 24934 78
17884 54619 11
79671 41939 251
85968 54874 250
56157 9590 251
14175 92451 28
64767 80473 260
12364 99274 151
68882 58877 251
87922 2685 169
53257 1439 78
39428 16526 260
13631 50124 215
53040 24590 78
16476 93583 78
9505 9501 28
39405 81006 260
70707 31769 78
78043 85810 302
39431 79397 260
87746 49048 78
39606 60768 196
62787 88160 296
6068 70900 251
36892 61864 78
15151 80170 78
14228 33912 215
67125 3113 12
11137 27183 78
53792 53791 215
25991 82464 215
42680 21500 78
65525 97010 196
36994 48212 151
40865 23390 78
51582 39588 307
38104 63532 193
38046 64131 251
94887 98657 9
48839 41399 251
95431 48424 215
17845 41442 9
48264 94674 78
29604 90664 251
84992 86741 78
31723 72252 78
39403 9924 260
91224 51894 260
92071 76253 28
86431 16824 308
18096 64189 193
85541 85467 251
58604 31974 250
84061 86197 251
16110 95765 78
70660 36033 78
26071 37713 78
29025 56744 250
9763 62471 78
90908 6949 78
77076 995 78
67331 16448 260
24864 49274 78
98542 93242 250
91012 14598 168
84142 82999 235
90741 36779 9
95509 21518 193
84162 2814 78
48308 66730 78
56226 29376 215
83330 93095 151
17318 99086 151
52142 53329 250
33988 15617 215
98693 37819 9
44519 84642 169
71348 7293 215
66939 66939 296
23519 23518 296
17214 55546 251
93553 96670 251
59319 23228 250
95431 50924 215
30919 26071 78
40324 23228 250
82927 40464 28
44304 43989 9
52635 87037 151
62091 64001 78
87057 87056 215
5712 76682 78
75755 9614 250
25885 85150 151
86445 3828 151
11973 6373 251
95311 11853 78
65750 31060 193
50931 67021 28
14377 81050 151
34497 34240 251
13516 59953 78
65137 64758 251
28592 28556 251
75061 79496 251
33896 33894 193
15229 32351 12
32105 89143 260
91576 83851 296
88322 12768 83
39199 92240 296
39427 15917 260
70862 17506 78
91024 25533 151
87830 76905 296
19930 13141 78
2212 22157 250
44046 3917 78
60307 21128 78
21903 31834 78
31962 30648 78
53963 24452 78
79557 23710 28
40817 64320 308
31539 59180 251
39416 68037 260
6896 31032 78
71449 39920 151
17942 40278 78
7107 32461 250
62832 44587 251
22033 89863 78
29197 92577 215
37879 45401 78
91209 18571 260
43819 62460 78
86185 16662 255
31190 28199 251
39388 1639 296
36100 36101 250
40118 10506 215
76499 85021 78
60502 60503 296
70564 6615 251
91197 8659 260
34484 71419 193
74962 35918 78
37443 32075 28
31818 45228 78
93599 27819 250
75257 62759 9
98521 36017 251
39431 31343 260
64042 47965 302
42443 61866 78
11387 7441 215
95650 82732 78
25971 40612 11
54558 38587 193
37157 82755 215
11916 11915 215
14604 27249 302
58525 46968 9
69444 33281 215
66744 53374 78
39142 47072 215
44603 29505 251
60988 73956 251
88872 50000 302
14662 86945 78
13277 58319 316
56667 35290 168
61182 63738 78
33992 13193 215
10924 89865 251
39427 17733 260
30741 66955 296
76487 58921 78
2434 1064 302
91198 16448 260
88036 1121 110
93287 81863 78
71902 41076 251
69694 5742 78
91213 95577 260
91581 71724 151
33988 72086 215
37443 63416 28
94754 71693 78
3726 93113 78
86594 33964 260
52353 74920 151
29292 71438 88
71427 63080 151
31147 73916 215
72419 80243 250
67936 37410 308
39407 11863 260
51912 26601 193
30451 71570 78
19560 33969 260
65125 38215 251
41419 30096 251
34162 42514 78
34461 14894 151
56584 66014 168
36874 26806 78
84838 13204 260
35889 992 78
39418 16008 260
91647 66873 28
77863 94585 78
37515 44425 151
39224 42867 155
8103 12629 215
51981 64505 193
54670 52666 78
77007 51421 251
39432 81252 260
53646 25625 151
78910 19620 302
24196 37908 250
33760 87831 251
55978 55981 260
49388 79586 250
15377 10882 251
1654 28192 12
74467 22795 12
47485 52383 78
25367 60362 251
55239 36947 250
41794 23228 250
1663 47632 110
22984 86698 11
39435 73011 260
38096 34790 151
56660 64969 250
8734 8731 296
16898 74434 215
78142 25814 250
24111 30352 251
31071 31071 78
35758 76484 250
51975 89191 193
35290 89662 86
78198 4253 12
30597 23167 78
44204 45149 9
39431 16786 260
91215 70135 260
77098 1441 78
15721 72389 215
95672 26807 78
25519 85298 251
33992 69356 215
25955 85030 251
51421 49808 251
91196 66149 260
31713 16275 78
50262 92577 110
99487 70808 78
95895 21128 78
50024 95728 151
40984 41044 250
43888 23387 78
51903 24228 215
43776 80142 9
11621 11765 193
18296 95800 251
56854 84941 12
26470 76470 78
53793 69344 215
26470 36317 78
32230 4916 78
48487 34594 251
15783 16850 28
91192 37673 260
78021 52265 78
66182 53443 193
80176 17398 251
53928 89426 9
40524 77906 78
5737 34217 78
91819 39852 28
84501 73133 215
25949 9826 78
10660 42325 251
60790 30713 9
9611 63641 251
14540 31147 302
9389 18736 193
89900 90020 251
26396 39477 215
49789 49764 250
48839 95292 251
37915 5008 251
8103 1248 215
65849 72972 28
81688 31223 215
78385 3703 251
60307 45228 78
52109 32413 28
3726 5533 78
4615 56602 250
31607 11805 151
91743 19453 28
31224 31210 155
55155 41083 78
54211 33029 78
91660 37360 28
88513 59604 151
45606 40433 250
71717 81240 78
61338 70582 251
15785 53224 78
53103 63634 78
86834 50453 151
41782 86821 302
68678 9235 302
39432 86431 260
22622 30113 12
98059 34210 78
27380 63394 28
23972 30136 11
33988 32077 215
91657 50477 28
95345 72554 155
17518 76623 251
24132 18847 78
15156 15155 193
34204 33401 28
36830 28040 78
55166 85961 296
65366 65379 12
81649 31629 193
6647 6646 215
1410 79586 250
10982 67068 78
84945 42763 11
91631 69868 28
91212 80629 260
39927 76170 151
36070 95631 78
49170 37561 260
91224 62881 260
72282 11019 151
63941 65639 151
54106 97043 9
3800 93822 78
58828 20915 78
