296 23
296 66
296 4
150 64
150 100159
150 74
150 24
150 39
150 67
150 20
150 11
150 65
150 2
150 33
93 9
93 100158
93 55
93 1
205 100119
205 100161
205 60
205 100170
205 100136
205 100106
205 6
205 73
205 57
205 10
205 48
205 9
205 21
205 36
205 70
205 1
205 55
205 89
205 29
205 91
104 100153
104 100121
104 100105
104 58
104 63
104 80
104 26
104 79
104 34
104 23
104 17
104 49
104 13
104 4
104 72
104 22
104 87
104 35
104 75
104 66
104 16
190 90
190 100146
190 100098
190 30
190 83
190 54
180 48
102 29
147 100119
147 100161
147 60
147 100170
147 100136
147 100106
147 6
147 73
147 57
147 10
147 48
147 9
147 21
147 36
147 70
147 1
147 55
147 89
147 29
147 91
176 100166
176 63
155 100149
155 100109
155 68
262 69
262 15
94 100102
94 100167
94 51
65 100119
65 100161
65 60
65 100170
65 100136
65 100106
65 6
65 73
65 57
65 10
65 48
65 9
65 21
65 36
65 70
65 1
65 55
65 89
65 29
65 91
22 100119
22 100161
22 60
22 100170
22 100136
22 100106
22 6
22 73
22 57
22 10
22 48
22 9
22 21
22 36
22 70
22 1
22 55
22 89
22 29
22 91
4 100119
4 100161
4 60
4 100170
4 100136
4 100106
4 6
4 73
4 57
4 10
4 48
4 9
4 21
4 36
4 70
4 1
4 55
4 89
4 29
4 91
295 90
295 100146
295 100098
295 30
295 83
295 54
21 100119
21 100161
21 60
21 100170
21 100136
21 100106
21 6
21 73
21 57
21 10
21 48
21 9
21 21
21 36
21 70
21 1
21 55
21 89
21 29
21 91
278 100149
278 100109
278 68
3 100156
3 4
97 100100
97 28
97 100129
97 76
97 47
97 78
45 75
237 100127
237 17
237 16
19 100152
19 70
185 100149
185 100109
185 68
17 90
17 100146
17 100098
17 30
17 83
17 54
149 64
149 100159
149 74
149 24
149 39
149 67
149 20
149 11
149 65
149 2
149 33
233 64
233 100159
233 74
233 24
233 39
233 67
233 20
233 11
233 65
233 2
233 33
250 100119
250 100161
250 60
250 100170
250 100136
250 100106
250 6
250 73
250 57
250 10
250 48
250 9
250 21
250 36
250 70
250 1
250 55
250 89
250 29
250 91
194 64
194 100159
194 74
194 24
194 39
194 67
194 20
194 11
194 65
194 2
194 33
223 100119
223 100161
223 60
223 100170
223 100136
223 100106
223 6
223 73
223 57
223 10
223 48
223 9
223 21
223 36
223 70
223 1
223 55
223 89
223 29
223 91
308 100159
308 74
308 20
308 11
308 24
308 65
308 2
308 67
308 64
308 39
308 33
58 15
58 100123
107 49
107 100130
42 100119
42 100161
42 60
42 100170
42 100136
42 100106
42 6
42 73
42 57
42 10
42 48
42 9
42 21
42 36
42 70
42 1
42 55
42 89
42 29
42 91
241 62
241 43
241 100107
241 77
241 56
241 7
241 64
241 74
241 40
241 5
241 20
241 52
241 14
241 8
241 68
241 11
241 24
241 51
241 81
241 65
241 2
241 18
241 67
241 15
241 38
241 69
241 39
241 82
241 33
156 64
156 100159
156 74
156 24
156 39
156 67
156 20
156 11
156 65
156 2
156 33
25 100127
25 17
25 16
281 100149
281 100109
281 68
101 29
103 10
103 91
103 89
103 29
103 36
248 100153
248 100121
248 100105
248 58
248 63
248 80
248 26
248 79
248 34
248 23
248 17
248 49
248 13
248 4
248 72
248 22
248 87
248 35
248 75
248 66
248 16
228 83
228 100128
30 100159
30 74
30 20
30 11
30 24
30 65
30 2
30 67
30 64
30 39
30 33
225 100169
178 100119
178 100161
178 60
178 100170
178 100136
178 100106
178 6
178 73
178 57
178 10
178 48
178 9
178 21
178 36
178 70
178 1
178 55
178 89
178 29
178 91
279 100149
279 100109
279 68
224 100151
224 27
122 75
118 39
118 100139
118 11
311 100119
311 100161
311 60
311 100170
311 100136
311 100106
311 6
311 73
311 57
311 10
311 48
311 9
311 21
311 36
311 70
311 1
311 55
311 89
311 29
311 91
229 100153
229 100121
229 100105
229 58
229 63
229 80
229 26
229 79
229 34
229 23
229 17
229 49
229 13
229 4
229 72
229 22
229 87
229 35
229 75
229 66
229 16
63 100099
63 26
63 87
63 22
63 72
189 90
189 100146
189 100098
189 30
189 83
189 54
167 7
167 38
167 8
167 18
167 5
167 81
167 15
167 69
196 49
196 100130
28 100148
28 100096
28 87
28 22
64 100119
64 100161
64 60
64 100170
64 100136
64 100106
64 6
64 73
64 57
64 10
64 48
64 9
64 21
64 36
64 70
64 1
64 55
64 89
64 29
64 91
268 3
268 100116
268 58
268 60
268 34
268 13
268 4
268 17
268 36
268 63
268 6
268 23
268 72
268 57
268 73
268 70
268 22
268 1
268 80
268 26
268 21
268 87
268 55
268 79
268 10
268 89
268 35
268 49
268 29
268 48
268 75
268 66
268 91
268 9
268 16
191 100166
191 63
123 100099
123 26
123 87
123 22
123 72
198 100168
198 73
261 69
261 15
34 100153
34 100121
34 100105
34 58
34 63
34 80
34 26
34 79
34 34
34 23
34 17
34 49
34 13
34 4
34 72
34 22
34 87
34 35
34 75
34 66
34 16
7 7
7 38
7 8
7 18
7 5
7 81
7 15
7 69
172 100112
172 80
172 35
172 75
44 10
44 91
44 89
44 29
44 36
56 64
56 100159
56 74
56 24
56 39
56 67
56 20
56 11
56 65
56 2
56 33
138 100119
138 100161
138 60
138 100170
138 100136
138 100106
138 6
138 73
138 57
138 10
138 48
138 9
138 21
138 91
138 36
138 70
138 1
138 55
138 89
138 29
87 100119
87 100161
87 60
87 100170
87 100136
87 100106
87 6
87 73
87 57
87 10
87 48
87 9
87 21
87 91
87 36
87 70
87 1
87 55
87 89
87 29
275 100119
275 100161
275 60
275 100170
275 100136
275 100106
275 6
275 73
275 57
275 10
275 48
275 9
275 21
275 91
275 36
275 70
275 1
275 55
275 89
275 29
114 39
114 100139
114 11
75 62
75 43
75 100107
75 77
75 56
75 7
75 64
75 74
75 40
75 5
75 20
75 52
75 14
75 8
75 68
75 11
75 24
75 51
75 81
75 65
75 2
75 18
75 67
75 15
75 38
75 69
75 39
75 82
75 33
49 49
49 100130
137 100119
137 100161
137 60
137 100170
137 100136
137 100106
137 6
137 73
137 57
137 10
137 48
137 9
137 21
137 36
137 70
137 1
137 55
137 89
137 29
137 91
160 100153
160 100121
160 100105
160 58
160 63
160 80
160 26
160 79
160 34
160 23
160 17
160 49
160 13
160 4
160 72
160 22
160 87
160 35
160 75
160 66
160 16
173 10
173 91
173 89
173 36
173 29
266 100110
266 72
266 100147
246 100099
246 26
246 87
246 22
246 72
136 100101
136 100138
136 40
1 100153
1 100121
1 100105
1 58
1 63
1 80
1 26
1 79
1 34
1 23
1 17
1 49
1 13
1 4
1 72
1 22
1 87
1 35
1 75
1 66
1 16
288 100166
288 63
79 10
79 91
79 89
79 29
79 36
165 39
165 100139
165 11
52 90
52 100146
52 100098
52 30
52 83
52 54
66 10
66 91
66 89
66 29
66 36
240 36
234 90
234 100146
234 100098
234 30
234 83
234 54
257 62
257 43
257 100107
257 77
257 56
257 7
257 64
257 74
257 40
257 5
257 20
257 52
257 14
257 8
257 68
257 11
257 24
257 51
257 81
257 65
257 2
257 18
257 67
257 15
257 38
257 69
257 39
257 82
257 33
207 57
287 100166
287 63
312 100152
312 70
15 100119
15 100161
15 60
15 100170
15 100136
15 100106
15 6
15 73
15 57
15 10
15 48
15 9
15 21
15 36
15 70
15 1
15 55
15 89
15 29
15 91
197 100119
197 100161
197 60
197 100170
197 100136
197 100106
197 6
197 73
197 57
197 10
197 48
197 9
197 21
197 91
197 29
197 89
197 55
197 1
197 70
197 36
272 83
272 100128
77 100168
77 73
82 100119
82 100161
82 60
82 100170
82 100136
82 100106
82 6
82 73
82 57
82 10
82 48
82 9
82 21
82 91
82 36
82 70
82 1
82 55
82 89
82 29
0 100168
0 73
235 100153
235 100121
235 100105
235 58
235 63
235 80
235 26
235 79
235 34
235 23
235 17
235 49
235 13
235 4
235 72
235 22
235 87
235 35
235 75
235 66
235 16
274 6
199 100119
199 100161
199 60
199 100170
199 100136
199 100106
199 6
199 73
199 57
199 10
199 48
199 9
199 21
199 36
199 70
199 1
199 55
199 89
199 29
199 91
216 100119
216 100161
216 60
216 100170
216 100136
216 100106
216 6
216 73
216 57
216 10
216 48
216 9
216 21
216 36
216 70
216 1
216 55
216 89
216 29
216 91
98 100135
98 13
111 100112
111 80
111 35
111 75
242 100148
242 100096
242 87
242 22
100 29
280 100149
280 100109
280 68
69 100156
69 4
298 100156
298 4
8 7
8 38
8 8
8 18
8 69
8 15
8 81
8 5
80 88
80 30
80 100103
62 62
62 43
62 100107
62 77
62 56
62 7
62 64
62 74
62 40
62 5
62 20
62 52
62 14
62 8
62 68
62 11
62 24
62 51
62 81
62 65
62 2
62 18
62 67
62 15
62 38
62 69
62 39
62 82
62 33
113 62
113 43
113 100107
113 77
113 56
113 7
113 64
113 74
113 40
113 5
113 20
113 52
113 14
113 8
113 68
113 11
113 24
113 51
113 81
113 65
113 2
113 18
113 67
113 15
113 38
113 69
113 39
113 82
113 33
218 49
218 100130
253 100119
253 100161
253 60
253 100170
253 100136
253 100106
253 6
253 73
253 57
253 10
253 48
253 9
253 21
253 36
253 70
253 1
253 55
253 89
253 29
253 91
292 90
292 100146
292 100098
292 30
292 83
292 54
140 9
140 100158
140 55
140 1
81 100119
81 100161
81 60
81 100170
81 100136
81 100106
81 6
81 73
81 57
81 10
81 48
81 9
81 21
81 36
81 70
81 1
81 55
81 89
81 29
81 91
204 38
204 5
204 69
204 15
70 86
70 100120
70 19
70 71
70 42
88 100166
88 63
33 39
33 100139
33 11
131 3
131 100116
131 58
131 60
131 34
131 13
131 4
131 17
131 36
131 63
131 6
131 23
131 72
131 57
131 73
131 70
131 22
131 1
131 80
131 26
131 21
131 87
131 55
131 79
131 10
131 89
131 35
131 49
131 29
131 48
131 75
131 66
131 91
131 9
131 16
23 100119
23 100161
23 60
23 100170
23 100136
23 100106
23 6
23 73
23 57
23 10
23 48
23 9
23 21
23 91
23 29
23 89
23 55
23 1
23 70
23 36
220 100119
220 100161
220 60
220 100170
220 100136
220 100106
220 6
220 73
220 57
220 10
220 48
220 9
220 21
220 91
220 29
220 89
220 55
220 1
220 70
220 36
230 100100
230 28
230 100129
230 76
230 47
230 78
254 100119
254 100161
254 60
254 100170
254 100136
254 100106
254 6
254 73
254 57
254 10
254 48
254 9
254 21
254 36
254 70
254 1
254 55
254 89
254 29
254 91
187 9
187 100158
187 55
187 1
13 100148
13 100096
13 87
13 22
273 6
290 100119
290 100161
290 60
290 100170
290 100136
290 100106
290 6
290 73
290 57
290 10
290 48
290 9
290 21
290 89
290 36
290 70
290 1
290 55
290 29
290 91
133 3
133 100116
133 58
133 60
133 34
133 13
133 4
133 17
133 36
133 63
133 6
133 23
133 72
133 57
133 73
133 70
133 22
133 1
133 80
133 26
133 21
133 87
133 55
133 79
133 10
133 89
133 35
133 49
133 29
133 48
133 75
133 66
133 91
133 9
133 16
48 100119
48 100161
48 60
48 100170
48 100136
48 100106
48 6
48 73
48 57
48 10
48 48
48 9
48 21
48 91
48 29
48 89
48 55
48 1
48 70
48 36
158 62
158 43
158 100107
158 77
158 56
158 7
158 64
158 74
158 40
158 5
158 20
158 52
158 14
158 8
158 68
158 11
158 24
158 51
158 81
158 65
158 2
158 18
158 67
158 15
158 38
158 69
158 39
158 82
158 33
276 100127
276 17
276 16
29 100152
29 70
192 100119
192 100161
192 60
192 100170
192 100136
192 100106
192 6
192 73
192 57
192 10
192 48
192 9
192 21
192 36
192 70
192 1
192 55
192 89
192 29
192 91
10 9
10 100158
10 55
10 1
61 29
53 64
53 100159
53 74
53 24
53 39
53 67
53 20
53 11
53 65
53 2
53 33
264 64
264 100159
264 74
264 24
264 39
264 67
264 20
264 11
264 65
264 2
264 33
16 100135
16 13
72 66
72 100131
6 11
124 100153
124 100121
124 100105
124 58
124 63
124 80
124 26
124 79
124 34
124 23
124 17
124 49
124 13
124 4
124 72
124 22
124 87
124 35
124 75
124 66
124 16
83 83
83 100128
270 100153
270 100121
270 100105
270 58
270 63
270 80
270 26
270 79
270 34
270 23
270 17
270 49
270 13
270 4
270 72
270 22
270 87
270 35
270 75
270 66
270 16
259 69
259 15
306 9
306 100158
306 55
306 1
141 100166
141 63
302 46
307 100097
307 24
307 100164
60 100112
60 80
60 35
60 75
36 100153
36 100121
36 100105
36 58
36 63
36 80
36 26
36 79
36 34
36 23
36 17
36 49
36 13
36 4
36 72
36 22
36 87
36 35
36 75
36 66
36 16
86 64
86 100159
86 74
86 24
86 39
86 67
86 20
86 11
86 65
86 2
86 33
143 47
258 100149
258 100109
258 68
255 100149
255 100109
255 68
193 62
193 43
193 100107
193 77
193 56
193 7
193 64
193 74
193 40
193 5
193 20
193 52
193 14
193 8
193 68
193 11
193 24
193 51
193 81
193 65
193 2
193 18
193 67
193 15
193 38
193 69
193 39
193 82
193 33
89 100166
89 63
116 39
116 100139
116 11
251 100119
251 100161
251 60
251 100170
251 100136
251 100106
251 6
251 73
251 57
251 10
251 48
251 9
251 21
251 36
251 70
251 1
251 55
251 89
251 29
251 91
294 100119
294 100161
294 60
294 100170
294 100136
294 100106
294 6
294 73
294 57
294 10
294 48
294 9
294 21
294 36
294 70
294 1
294 55
294 89
294 29
294 91
267 100110
267 72
267 100147
256 100110
256 72
256 100147
39 59
317 36
301 18
301 100150
179 48
184 100149
184 100109
184 68
213 100102
213 100167
213 51
203 7
203 38
203 8
203 18
203 5
203 81
203 15
203 69
183 100149
183 100109
183 68
219 61
26 100127
26 17
26 16
78 100168
78 73
260 69
260 15
168 39
168 100139
168 11
269 49
269 100130
110 49
110 100130
132 100156
132 4
201 100148
201 100096
201 87
201 22
214 100153
214 100121
214 100105
214 58
214 63
214 80
214 26
214 79
214 34
214 23
214 17
214 49
214 16
214 66
214 75
214 35
214 87
214 22
214 72
214 4
214 13
127 39
127 100139
127 11
222 47
208 100101
208 100138
208 40
299 100110
299 72
299 100147
71 88
71 30
71 100103
304 62
304 43
304 100107
304 77
304 56
304 7
304 64
304 74
304 40
304 5
304 20
304 52
304 14
304 8
304 68
304 11
304 24
304 51
304 81
304 65
304 2
304 18
304 67
304 15
304 38
304 69
304 39
304 82
304 33
73 66
73 100131
92 100159
92 74
92 20
92 11
92 24
92 65
92 2
92 67
92 64
92 39
92 33
41 88
41 30
41 100103
282 100149
282 100109
282 68
310 64
310 100159
310 74
310 24
310 39
310 67
310 20
310 11
310 65
310 2
310 33
236 100119
236 100161
236 60
236 100170
236 100136
236 100106
236 6
236 73
236 57
236 10
236 48
236 9
236 21
236 36
236 70
236 1
236 55
236 89
236 29
236 91
153 64
153 100159
153 74
153 24
153 39
153 67
153 20
153 11
153 65
153 2
153 33
195 100127
195 17
195 16
99 100127
99 17
99 16
115 39
115 100139
115 11
318 90
318 100146
318 100098
318 30
318 83
318 54
239 36
117 39
117 100139
117 11
182 100102
182 100167
182 51
202 83
202 100128
24 39
24 100139
24 11
283 82
283 100157
283 68
40 29
319 100166
319 63
231 90
231 100146
231 100098
231 30
231 83
231 54
162 100156
162 4
2 100119
2 100161
2 60
2 100170
2 100136
2 100106
2 6
2 73
2 57
2 10
2 48
2 9
2 21
2 36
2 70
2 1
2 55
2 89
2 29
2 91
177 64
177 100159
177 74
177 24
177 39
177 67
177 20
177 11
177 65
177 2
177 33
31 64
31 100159
31 74
31 24
31 39
31 67
31 20
31 11
31 65
31 2
31 33
186 100149
186 100109
186 68
265 100119
265 100161
265 60
265 100170
265 100136
265 100106
265 6
265 73
265 57
265 10
265 48
265 9
265 21
265 91
265 36
265 70
265 1
265 55
265 89
265 29
211 100119
211 100161
211 60
211 100170
211 100136
211 100106
211 6
211 73
211 57
211 10
211 48
211 9
211 21
211 91
211 36
211 70
211 1
211 55
211 89
211 29
108 100159
108 74
108 20
108 33
108 39
108 67
108 2
108 65
108 24
108 11
108 64
144 100101
144 100138
144 40
20 91
20 100125
305 10
305 91
305 89
305 29
305 36
128 39
128 100139
128 11
152 64
152 100159
152 74
152 24
152 39
152 67
152 20
152 11
152 65
152 2
152 33
169 100152
169 70
14 90
14 100146
14 100098
14 30
14 83
14 54
174 62
174 43
174 100107
174 77
174 56
174 7
174 64
174 74
174 40
174 5
174 20
174 52
174 14
174 8
174 68
174 11
174 24
174 51
174 81
174 65
174 2
174 18
174 67
174 15
174 38
174 69
174 39
174 82
174 33
32 39
32 100139
32 11
