296 23
296 66
296 4
150 64
150 100159
150 74
150 24
150 39
150 67
150 20
150 11
150 65
150 2
150 33
205 100119
205 100161
205 60
205 100170
205 100136
205 100106
205 6
205 73
205 57
205 10
205 48
205 9
205 21
205 36
205 70
205 1
205 55
205 89
205 29
205 91
104 100095
104 100160
104 20
190 100119
190 100161
190 60
190 100170
190 100136
190 100106
190 6
190 73
190 57
190 10
190 48
190 9
190 21
190 36
190 70
190 1
190 55
190 89
190 29
190 91
126 64
126 100159
126 74
126 24
126 39
126 67
126 20
126 11
126 65
126 2
126 33
180 49
180 100130
102 100119
102 100161
102 60
102 100170
102 100136
102 100106
102 6
102 73
102 57
102 10
102 48
102 9
102 21
102 36
102 70
102 1
102 55
102 89
102 29
102 91
176 100166
176 63
155 100149
155 100109
155 68
262 62
262 43
262 100107
262 77
262 56
262 7
262 64
262 74
262 40
262 5
262 20
262 52
262 14
262 8
262 68
262 11
262 24
262 51
262 81
262 65
262 2
262 18
262 67
262 15
262 38
262 69
262 39
262 82
262 33
286 64
286 100159
286 74
286 24
286 39
286 67
286 33
286 2
286 65
286 11
286 20
94 100119
94 100161
94 60
94 100170
94 100136
94 100106
94 6
94 73
94 57
94 10
94 48
94 9
94 21
94 36
94 70
94 1
94 55
94 89
94 29
94 91
91 100119
91 100161
91 60
91 100170
91 100136
91 100106
91 6
91 73
91 57
91 10
91 48
91 9
91 21
91 36
91 70
91 1
91 55
91 89
91 29
91 91
65 62
65 43
65 100107
65 77
65 56
65 7
65 64
65 74
65 40
65 5
65 20
65 52
65 14
65 8
65 68
65 11
65 24
65 51
65 81
65 65
65 2
65 18
65 67
65 15
65 38
65 69
65 39
65 82
65 33
170 100102
170 100167
170 51
188 64
188 100159
188 74
188 24
188 39
188 67
188 20
188 11
188 65
188 2
188 33
291 100113
291 81
291 8
109 100119
109 100161
109 60
109 100170
109 100136
109 100106
109 6
109 73
109 57
109 10
109 48
109 9
109 21
109 36
109 70
109 1
109 55
109 89
109 29
109 91
4 100099
4 26
4 87
4 22
4 72
215 62
215 43
215 100107
215 77
215 56
215 7
215 64
215 74
215 40
215 5
215 20
215 52
215 14
215 8
215 68
215 11
215 24
215 51
215 81
215 65
215 2
215 18
215 67
215 15
215 38
215 69
215 39
215 82
215 33
295 90
295 100146
295 100098
295 30
295 83
295 54
21 62
21 43
21 100107
21 77
21 56
21 7
21 64
21 33
21 82
21 39
21 69
21 38
21 15
21 67
21 18
21 2
21 65
21 52
21 74
21 40
21 5
21 20
21 14
21 8
21 68
21 11
21 24
21 51
21 81
38 100127
38 17
38 16
119 32
119 100117
119 53
119 31
119 85
119 37
119 84
97 100100
97 28
97 100129
97 76
97 47
97 78
139 100153
139 100121
139 100105
139 58
139 63
139 80
139 26
139 79
139 34
139 23
139 17
139 49
139 13
139 4
139 72
139 22
139 87
139 35
139 75
139 66
139 16
45 100119
45 100161
45 60
45 100170
45 100136
45 100106
45 6
45 73
45 57
45 10
45 48
45 9
45 21
45 36
45 70
45 1
45 55
45 89
45 29
45 91
19 64
19 100159
19 74
19 24
19 39
19 67
19 20
19 11
19 65
19 2
19 33
185 64
185 100159
185 74
185 24
185 39
185 67
185 20
185 11
185 65
185 2
185 33
17 90
17 100146
17 100098
17 30
17 83
17 54
149 64
149 100159
149 74
149 24
149 39
149 67
149 20
149 11
149 65
149 2
149 33
18 47
233 64
233 100159
233 74
233 24
233 39
233 67
233 20
233 11
233 65
233 2
233 33
250 100119
250 100161
250 60
250 100170
250 100136
250 100106
250 6
250 73
250 57
250 10
250 48
250 9
250 21
250 36
250 70
250 1
250 55
250 89
250 29
250 91
194 64
194 100159
194 74
194 24
194 39
194 67
194 20
194 11
194 65
194 2
194 33
223 62
223 43
223 100107
223 77
223 56
223 7
223 64
223 74
223 40
223 5
223 20
223 52
223 14
223 8
223 68
223 11
223 24
223 51
223 81
223 65
223 2
223 18
223 67
223 15
223 38
223 69
223 39
223 82
223 33
308 100159
308 74
308 20
308 11
308 24
308 65
308 2
308 67
308 64
308 39
308 33
58 100149
58 100109
58 68
107 100119
107 100161
107 60
107 100170
107 100136
107 100106
107 6
107 73
107 57
107 10
107 48
107 9
107 21
107 36
107 70
107 1
107 55
107 89
107 29
107 91
241 65
47 100112
47 80
47 35
47 75
90 100119
90 100161
90 60
90 100170
90 100136
90 100106
90 6
90 73
90 57
90 10
90 48
90 9
90 21
90 36
90 70
90 1
90 55
90 89
90 29
90 91
156 64
156 100159
156 74
156 24
156 39
156 67
156 20
156 11
156 65
156 2
156 33
25 64
25 100159
25 74
25 24
25 39
25 67
25 20
25 11
25 65
25 2
25 33
281 62
281 43
281 100107
281 77
281 56
281 7
281 64
281 74
281 40
281 5
281 20
281 52
281 14
281 8
281 68
281 11
281 24
281 51
281 81
281 65
281 2
281 18
281 67
281 15
281 38
281 69
281 39
281 82
281 33
101 100119
101 100161
101 60
101 100170
101 100136
101 100106
101 6
101 73
101 57
101 10
101 48
101 9
101 21
101 36
101 70
101 1
101 55
101 89
101 29
101 91
103 100112
103 80
103 35
103 75
248 62
248 43
248 100107
248 77
248 56
248 7
248 64
248 74
248 40
248 5
248 20
248 52
248 14
248 8
248 68
248 11
248 24
248 51
248 81
248 65
248 2
248 18
248 67
248 15
248 38
248 69
248 39
248 82
248 33
228 100119
228 100161
228 60
228 100170
228 100136
228 100106
228 6
228 73
228 57
228 10
228 48
228 9
228 21
228 36
228 70
228 1
228 55
228 89
228 29
228 91
30 100159
30 74
30 20
30 11
30 24
30 65
30 2
30 67
30 64
30 39
30 33
178 49
178 100130
200 61
279 100102
279 100167
279 51
224 64
224 100159
224 74
224 24
224 39
224 67
224 20
224 11
224 65
224 2
224 33
122 62
122 43
122 100107
122 77
122 56
122 7
122 64
122 74
122 40
122 5
122 20
122 52
122 14
122 8
122 68
122 11
122 24
122 51
122 81
122 65
122 2
122 18
122 67
122 15
122 38
122 69
122 39
122 82
122 33
118 64
118 100159
118 74
118 24
118 39
118 67
118 33
118 20
118 11
118 65
118 2
311 100099
311 26
311 87
311 22
311 72
229 100119
229 100161
229 60
229 100170
229 100136
229 100106
229 6
229 73
229 57
229 10
229 48
229 9
229 21
229 36
229 70
229 1
229 55
229 89
229 29
229 91
63 100119
63 100161
63 60
63 100170
63 100136
63 100106
63 6
63 73
63 57
63 10
63 48
63 9
63 21
63 36
63 70
63 1
63 55
63 89
63 29
63 91
189 55
196 100119
196 100161
196 60
196 100170
196 100136
196 100106
196 6
196 73
196 57
196 10
196 48
196 9
196 21
196 36
196 70
196 1
196 55
196 89
196 29
196 91
84 100119
84 100161
84 60
84 100170
84 100136
84 100106
84 6
84 73
84 57
84 10
84 48
84 9
84 21
84 91
84 29
84 89
84 55
84 1
84 70
84 36
121 100119
121 100161
121 60
121 100170
121 100136
121 100106
121 6
121 73
121 57
121 10
121 48
121 9
121 21
121 91
121 29
121 89
121 55
121 1
121 70
121 36
123 100119
123 100161
123 60
123 100170
123 100136
123 100106
123 6
123 73
123 57
123 10
123 48
123 9
123 21
123 91
123 29
123 89
123 55
123 1
123 70
123 36
198 100119
198 100161
198 60
198 100170
198 100136
198 100106
198 6
198 73
198 57
198 10
198 48
198 9
198 21
198 91
198 29
198 89
198 55
198 1
198 70
198 36
261 69
261 15
243 23
243 66
243 4
154 100163
154 79
34 100119
34 100161
34 60
34 100170
34 100136
34 100106
34 6
34 73
34 57
34 10
34 48
34 9
34 21
34 36
34 70
34 1
34 55
34 89
34 29
34 91
159 62
159 43
159 100107
159 77
159 56
159 7
159 64
159 74
159 40
159 5
159 20
159 52
159 14
159 8
159 68
159 11
159 24
159 51
159 81
159 65
159 2
159 18
159 67
159 15
159 38
159 69
159 39
159 82
159 33
5 100119
5 100161
5 60
5 100170
5 100136
5 100106
5 6
5 73
5 57
5 10
5 48
5 9
5 21
5 36
5 70
5 1
5 55
5 89
5 29
5 91
7 6
172 100119
172 100161
172 60
172 100170
172 100136
172 100106
172 6
172 73
172 57
172 10
172 48
172 9
172 21
172 91
172 36
172 70
172 1
172 55
172 89
172 29
44 100112
44 80
44 35
44 75
50 100119
50 100161
50 60
50 100170
50 100136
50 100106
50 6
50 73
50 57
50 10
50 48
50 9
50 21
50 36
50 70
50 1
50 55
50 89
50 29
50 91
148 100145
148 100142
148 41
138 100119
138 100161
138 60
138 100170
138 100136
138 100106
138 6
138 73
138 57
138 10
138 48
138 9
138 21
138 91
138 36
138 70
138 1
138 55
138 89
138 29
87 100151
87 27
75 64
75 100159
75 74
75 24
75 39
75 67
75 20
75 11
75 65
75 2
75 33
49 49
49 100130
137 100119
137 100161
137 60
137 100170
137 100136
137 100106
137 6
137 73
137 57
137 10
137 48
137 9
137 21
137 36
137 70
137 1
137 55
137 89
137 29
137 91
160 100095
160 100160
160 20
9 100119
9 100161
9 60
9 100170
9 100136
9 100106
9 6
9 73
9 57
9 10
9 48
9 9
9 21
9 36
9 70
9 1
9 55
9 89
9 29
9 91
173 100112
173 80
173 35
173 75
246 100119
246 100161
246 60
246 100170
246 100136
246 100106
246 6
246 73
246 57
246 10
246 48
246 9
246 21
246 36
246 70
246 1
246 55
246 89
246 29
246 91
136 100149
136 100109
136 68
1 100153
1 100121
1 100105
1 58
1 63
1 80
1 26
1 79
1 34
1 23
1 17
1 49
1 13
1 4
1 72
1 22
1 87
1 35
1 75
1 66
1 16
163 100102
163 100167
163 51
288 100119
288 100161
288 60
288 100170
288 100136
288 100106
288 6
288 73
288 57
288 10
288 48
288 9
288 21
288 36
288 70
288 1
288 55
288 89
288 29
288 91
79 100112
79 80
79 35
79 75
165 64
165 100159
165 74
165 24
165 39
165 67
165 20
165 11
165 65
165 2
165 33
52 100119
52 100161
52 60
52 100170
52 100136
52 100106
52 6
52 73
52 57
52 10
52 48
52 9
52 21
52 36
52 70
52 1
52 55
52 89
52 29
52 91
68 100119
68 100161
68 60
68 100170
68 100136
68 100106
68 6
68 73
68 57
68 10
68 48
68 9
68 21
68 91
68 36
68 70
68 1
68 55
68 89
68 29
66 100112
66 80
66 35
66 75
240 100154
240 35
234 3
234 100116
234 58
234 60
234 34
234 13
234 4
234 17
234 36
234 63
234 6
234 23
234 72
234 57
234 73
234 70
234 22
234 1
234 80
234 26
234 21
234 87
234 55
234 79
234 10
234 89
234 35
234 49
234 29
234 48
234 75
234 66
234 91
234 9
234 16
257 100149
257 100109
257 68
207 100166
207 63
287 100166
287 63
130 100113
130 8
130 81
312 100153
312 100121
312 100105
312 58
312 63
312 80
312 26
312 79
312 34
312 23
312 17
312 49
312 13
312 4
312 72
312 22
312 87
312 35
312 75
312 66
312 16
15 100162
15 12
209 3
209 100116
209 58
209 60
209 34
209 13
209 4
209 17
209 36
209 63
209 6
209 23
209 72
209 57
209 73
209 70
209 22
209 1
209 80
209 26
209 21
209 87
209 55
209 79
209 10
209 89
209 35
209 49
209 29
209 48
209 75
209 66
209 91
209 9
209 16
272 100119
272 100161
272 60
272 100170
272 100136
272 100106
272 6
272 73
272 57
272 10
272 48
272 9
272 21
272 91
272 29
272 89
272 55
272 1
272 70
272 36
77 100119
77 100161
77 60
77 100170
77 100136
77 100106
77 6
77 73
77 57
77 10
77 48
77 9
77 21
77 91
77 29
77 89
77 55
77 1
77 70
77 36
82 100153
82 100121
82 100105
82 58
82 63
82 80
82 26
82 79
82 34
82 23
82 17
82 49
82 16
82 66
82 75
82 35
82 87
82 22
82 72
82 4
82 13
161 100097
161 24
161 100164
0 100119
0 100161
0 60
0 100170
0 100136
0 100106
0 6
0 73
0 57
0 10
0 48
0 9
0 21
0 91
0 36
0 70
0 1
0 55
0 89
0 29
199 90
199 100146
199 100098
199 30
199 83
199 54
181 100119
181 100161
181 60
181 100170
181 100136
181 100106
181 6
181 73
181 57
181 10
181 48
181 9
181 21
181 36
181 70
181 1
181 55
181 89
181 29
181 91
216 100119
216 100161
216 60
216 100170
216 100136
216 100106
216 6
216 73
216 57
216 10
216 48
216 9
216 21
216 36
216 70
216 1
216 55
216 89
216 29
216 91
46 100119
46 100161
46 60
46 100170
46 100136
46 100106
46 6
46 73
46 57
46 10
46 48
46 9
46 21
46 36
46 70
46 1
46 55
46 89
46 29
46 91
98 100119
98 100161
98 60
98 100170
98 100136
98 100106
98 6
98 73
98 57
98 10
98 48
98 9
98 21
98 36
98 70
98 1
98 55
98 89
98 29
98 91
111 100119
111 100161
111 60
111 100170
111 100136
111 100106
111 6
111 73
111 57
111 10
111 48
111 9
111 21
111 36
111 70
111 1
111 55
111 89
111 29
111 91
242 100119
242 100161
242 60
242 100170
242 100136
242 100106
242 6
242 73
242 57
242 10
242 48
242 9
242 21
242 91
242 29
242 36
242 70
242 1
242 55
242 89
100 100119
100 100161
100 60
100 100170
100 100136
100 100106
100 6
100 73
100 57
100 10
100 48
100 9
100 21
100 91
100 29
100 36
100 70
100 1
100 55
100 89
280 62
280 43
280 100107
280 77
280 56
280 7
280 64
280 74
280 40
280 5
280 20
280 52
280 14
280 8
280 68
280 11
280 24
280 51
280 81
280 65
280 2
280 18
280 67
280 15
280 38
280 69
280 39
280 82
280 33
43 100095
43 100160
43 20
69 64
69 100159
69 74
69 24
69 39
69 67
69 33
69 2
69 65
69 11
69 20
298 100093
298 100124
298 5
80 100119
80 100161
80 60
80 100170
80 100136
80 100106
80 6
80 73
80 57
80 10
80 48
80 9
80 21
80 36
80 70
80 1
80 55
80 89
80 29
80 91
129 100110
129 72
129 100147
54 100097
54 24
54 100164
113 100153
113 100121
113 100105
113 58
113 63
113 80
113 26
113 79
113 34
113 23
113 17
113 49
113 13
113 4
113 72
113 22
113 87
113 35
113 75
113 66
113 16
218 100119
218 100161
218 60
218 100170
218 100136
218 100106
218 6
218 73
218 57
218 10
218 48
218 9
218 21
218 36
218 70
218 1
218 55
218 89
218 29
218 91
157 100119
157 100161
157 60
157 100170
157 100136
157 100106
157 6
157 73
157 57
157 10
157 48
157 9
157 21
157 36
157 70
157 1
157 55
157 89
157 29
157 91
253 62
253 43
253 100107
253 77
253 56
253 7
253 64
253 74
253 40
253 5
253 20
253 52
253 14
253 8
253 68
253 11
253 24
253 51
253 81
253 65
253 2
253 18
253 67
253 15
253 38
253 69
253 39
253 82
253 33
247 62
247 43
247 100107
247 77
247 56
247 7
247 64
247 74
247 40
247 5
247 20
247 52
247 14
247 8
247 68
247 11
247 24
247 51
247 81
247 65
247 2
247 18
247 67
247 15
247 38
247 69
247 39
247 82
247 33
292 100143
292 1
204 100153
204 100121
204 100105
204 58
204 63
204 80
204 26
204 79
204 34
204 23
204 17
204 49
204 13
204 4
204 72
204 22
204 87
204 35
204 75
204 66
204 16
70 3
70 100116
70 58
70 60
70 34
70 13
70 4
70 17
70 36
70 63
70 6
70 23
70 72
70 57
70 73
70 70
70 22
70 1
70 80
70 26
70 21
70 87
70 55
70 79
70 10
70 89
70 35
70 49
70 29
70 48
70 75
70 66
70 91
70 9
70 16
245 66
245 100131
33 64
33 100159
33 74
33 24
33 39
33 67
33 20
33 11
33 65
33 2
33 33
131 100159
131 74
131 20
131 33
131 39
131 67
131 2
131 65
131 24
131 11
131 64
314 100119
314 100161
314 60
314 100170
314 100136
314 100106
314 6
314 73
314 57
314 10
314 48
314 9
314 21
314 91
314 29
314 89
314 55
314 1
314 70
314 36
206 64
206 100159
206 74
206 24
206 39
206 67
206 20
206 11
206 65
206 2
206 33
315 100119
315 100161
315 60
315 100170
315 100136
315 100106
315 6
315 73
315 57
315 10
315 48
315 9
315 21
315 91
315 36
315 70
315 1
315 55
315 89
315 29
230 100100
230 28
230 100129
230 76
230 47
230 78
254 62
254 43
254 100107
254 77
254 56
254 7
254 64
254 74
254 40
254 5
254 20
254 52
254 14
254 8
254 68
254 11
254 24
254 51
254 81
254 65
254 2
254 18
254 67
254 15
254 38
254 69
254 39
254 82
254 33
232 100119
232 100161
232 60
232 100170
232 100136
232 100106
232 6
232 73
232 57
232 10
232 48
232 9
232 21
232 91
232 29
232 36
232 70
232 1
232 55
232 89
273 18
273 100150
112 31
112 53
112 85
112 32
112 37
112 84
95 100119
95 100161
95 60
95 100170
95 100136
95 100106
95 6
95 73
95 57
95 10
95 48
95 9
95 21
95 89
95 36
95 70
95 1
95 55
95 29
95 91
290 100119
290 100161
290 60
290 100170
290 100136
290 100106
290 6
290 73
290 57
290 10
290 48
290 9
290 21
290 89
290 36
290 70
290 1
290 55
290 29
290 91
133 37
133 100165
133 100115
48 100099
48 26
48 87
48 22
48 72
175 100141
175 44
11 100135
11 13
158 62
158 43
158 100107
158 77
158 56
158 7
158 64
158 74
158 40
158 5
158 20
158 52
158 14
158 8
158 68
158 11
158 24
158 51
158 81
158 65
158 2
158 18
158 67
158 15
158 38
158 69
158 39
158 82
158 33
276 100127
276 17
276 16
151 100119
151 100161
151 60
151 100170
151 100136
151 100106
151 6
151 73
151 57
151 10
151 48
151 9
151 21
151 36
151 70
151 1
151 55
151 89
151 29
151 91
29 64
29 100159
29 74
29 24
29 39
29 67
29 20
29 11
29 65
29 2
29 33
192 100097
192 24
192 100164
217 100166
217 63
10 9
10 100158
10 55
10 1
61 100119
61 100161
61 60
61 100170
61 100136
61 100106
61 6
61 73
61 57
61 10
61 48
61 9
61 21
61 91
61 36
61 70
61 1
61 55
61 89
61 29
285 64
285 100159
285 74
285 24
285 39
285 67
285 20
285 11
285 65
285 2
285 33
53 64
53 100159
53 74
53 24
53 39
53 67
53 20
53 11
53 65
53 2
53 33
264 100152
264 70
16 100119
16 100161
16 60
16 100170
16 100136
16 100106
16 6
16 73
16 57
16 10
16 48
16 9
16 21
16 29
16 89
16 36
16 70
16 1
16 55
16 91
303 100097
303 24
303 100164
72 23
72 66
72 4
300 100112
300 80
300 35
300 75
124 64
124 100159
124 74
124 24
124 39
124 67
124 20
124 11
124 65
124 2
124 33
83 90
83 100146
83 100098
83 30
83 83
83 54
270 100119
270 100161
270 60
270 100170
270 100136
270 100106
270 6
270 73
270 57
270 10
270 48
270 9
270 21
270 36
270 70
270 1
270 55
270 89
270 29
270 91
259 69
259 15
171 64
171 100159
171 74
171 24
171 39
171 67
171 20
171 11
171 65
171 2
171 33
134 100119
134 100161
134 60
134 100170
134 100136
134 100106
134 6
134 73
134 57
134 10
134 48
134 9
134 21
134 36
134 70
134 1
134 55
134 89
134 29
134 91
306 100099
306 26
306 87
306 22
306 72
212 23
212 66
212 4
37 100119
37 100161
37 60
37 100170
37 100136
37 100106
37 6
37 73
37 57
37 10
37 48
37 9
37 21
37 91
37 36
37 70
37 1
37 55
37 89
37 29
67 100119
67 100161
67 60
67 100170
67 100136
67 100106
67 6
67 73
67 57
67 10
67 48
67 9
67 21
67 91
67 36
67 70
67 1
67 55
67 89
67 29
313 100119
313 100161
313 60
313 100170
313 100136
313 100106
313 6
313 73
313 57
313 10
313 48
313 9
313 21
313 91
313 36
313 70
313 1
313 55
313 89
313 29
302 64
302 100159
302 74
302 24
302 39
302 67
302 20
302 11
302 65
302 2
302 33
307 100097
307 24
307 100164
60 100119
60 100161
60 60
60 100170
60 100136
60 100106
60 6
60 73
60 57
60 10
60 48
60 9
60 21
60 29
60 89
60 36
60 70
60 1
60 55
60 91
36 100119
36 100161
36 60
36 100170
36 100136
36 100106
36 6
36 73
36 57
36 10
36 48
36 9
36 21
36 91
36 36
36 70
36 1
36 55
36 89
36 29
86 100151
86 27
143 47
258 100094
258 14
258 40
258 82
258 68
135 100119
135 100161
135 60
135 100170
135 100136
135 100106
135 6
135 73
135 57
135 10
135 48
135 9
135 21
135 36
135 70
135 1
135 55
135 89
135 29
135 91
255 100149
255 100109
255 68
193 64
193 100159
193 74
193 24
193 39
193 67
193 20
193 11
193 65
193 2
193 33
51 100153
51 100121
51 100105
51 58
51 63
51 80
51 26
51 79
51 34
51 23
51 17
51 49
51 13
51 4
51 72
51 22
51 87
51 35
51 75
51 66
51 16
116 100102
116 100167
116 51
251 100119
251 100161
251 60
251 100170
251 100136
251 100106
251 6
251 73
251 57
251 10
251 48
251 9
251 21
251 36
251 70
251 1
251 55
251 89
251 29
251 91
294 100097
294 24
294 100164
263 100119
263 100161
263 60
263 100170
263 100136
263 100106
263 6
263 73
263 57
263 10
263 48
263 9
263 21
263 36
263 70
263 1
263 55
263 89
263 29
263 91
256 100110
256 72
256 100147
39 100119
39 100161
39 60
39 100170
39 100136
39 100106
39 6
39 73
39 57
39 10
39 48
39 9
39 21
39 36
39 70
39 1
39 55
39 89
39 29
39 91
59 25
317 100154
317 35
293 64
293 100159
293 74
293 24
293 39
293 67
293 20
293 11
293 65
293 2
293 33
301 100153
301 100121
301 100105
301 58
301 63
301 80
301 26
301 79
301 34
301 23
301 17
301 49
301 13
301 4
301 72
301 22
301 87
301 35
301 75
301 66
301 16
184 100102
184 100167
184 51
210 23
210 66
210 4
213 100102
213 100167
213 51
183 100097
183 24
183 100164
219 100119
219 100161
219 60
219 100170
219 100136
219 100106
219 6
219 73
219 57
219 10
219 48
219 9
219 21
219 36
219 70
219 1
219 55
219 89
219 29
219 91
26 16
26 100126
78 100119
78 100161
78 60
78 100170
78 100136
78 100106
78 6
78 73
78 57
78 10
78 48
78 9
78 21
78 36
78 70
78 1
78 55
78 89
78 29
78 91
164 64
164 100159
164 74
164 24
164 39
164 67
164 20
164 11
164 65
164 2
164 33
146 100119
146 100161
146 60
146 100170
146 100136
146 100106
146 6
146 73
146 57
146 10
146 48
146 9
146 21
146 91
146 36
146 70
146 1
146 55
146 89
146 29
260 69
260 15
168 39
168 100139
168 11
269 100119
269 100161
269 60
269 100170
269 100136
269 100106
269 6
269 73
269 57
269 10
269 48
269 9
269 21
269 91
269 36
269 70
269 1
269 55
269 89
269 29
110 64
110 100159
110 74
110 24
110 39
110 67
110 20
110 11
110 65
110 2
110 33
105 3
105 100116
105 58
105 60
105 34
105 13
105 4
105 17
105 36
105 63
105 6
105 23
105 72
105 57
105 73
105 70
105 22
105 1
105 80
105 26
105 21
105 87
105 55
105 79
105 10
105 89
105 35
105 49
105 29
105 48
105 75
105 66
105 91
105 9
105 16
132 100093
132 100124
132 5
201 100119
201 100161
201 60
201 100170
201 100136
201 100106
201 6
201 73
201 57
201 10
201 48
201 9
201 21
201 91
201 29
201 89
201 55
201 1
201 70
201 36
214 100153
214 100121
214 100105
214 58
214 63
214 80
214 26
214 79
214 34
214 23
214 17
214 49
214 16
214 66
214 75
214 35
214 87
214 22
214 72
214 4
214 13
127 64
127 100159
127 74
127 24
127 39
127 67
127 20
127 11
127 65
127 2
127 33
222 64
222 100159
222 74
222 24
222 39
222 67
222 20
222 11
222 65
222 2
222 33
208 100149
208 100109
208 68
125 100102
125 100167
125 51
71 100119
71 100161
71 60
71 100170
71 100136
71 100106
71 6
71 73
71 57
71 10
71 48
71 9
71 21
71 36
71 70
71 1
71 55
71 89
71 29
71 91
284 100102
284 100167
284 51
73 66
73 100131
92 64
92 100159
92 74
92 24
92 39
92 67
92 33
92 2
92 65
92 11
92 20
41 100119
41 100161
41 60
41 100170
41 100136
41 100106
41 6
41 73
41 57
41 10
41 48
41 9
41 21
41 36
41 70
41 1
41 55
41 89
41 29
41 91
55 64
55 100159
55 74
55 24
55 39
55 67
55 20
55 11
55 65
55 2
55 33
282 64
282 100159
282 74
282 24
282 39
282 67
282 20
282 11
282 65
282 2
282 33
310 64
310 100159
310 74
310 24
310 39
310 67
310 20
310 11
310 65
310 2
310 33
35 100119
35 100161
35 60
35 100170
35 100136
35 100106
35 6
35 73
35 57
35 10
35 48
35 9
35 21
35 36
35 70
35 1
35 55
35 89
35 29
35 91
195 100127
195 17
195 16
12 55
99 16
99 100126
115 100097
115 24
115 100164
318 100119
318 100161
318 60
318 100170
318 100136
318 100106
318 6
318 73
318 57
318 10
318 48
318 9
318 21
318 36
318 70
318 1
318 55
318 89
318 29
318 91
239 100163
239 79
117 64
117 100159
117 74
117 24
117 39
117 67
117 20
117 11
117 65
117 2
117 33
74 100153
74 100121
74 100105
74 58
74 63
74 80
74 26
74 79
74 34
74 23
74 17
74 49
74 13
74 4
74 72
74 22
74 87
74 35
74 75
74 66
74 16
182 100155
182 52
120 100119
120 100161
120 60
120 100170
120 100136
120 100106
120 6
120 73
120 57
120 10
120 48
120 9
120 21
120 36
120 70
120 1
120 55
120 89
120 29
120 91
202 90
202 100146
202 100098
202 30
202 83
202 54
57 100119
57 100161
57 60
57 100170
57 100136
57 100106
57 6
57 73
57 57
57 10
57 48
57 9
57 21
57 91
57 36
57 70
57 1
57 55
57 89
57 29
24 64
24 100159
24 74
24 24
24 39
24 67
24 20
24 11
24 65
24 2
24 33
283 100097
283 24
283 100164
40 100119
40 100161
40 60
40 100170
40 100136
40 100106
40 6
40 73
40 57
40 10
40 48
40 9
40 21
40 29
40 89
40 36
40 70
40 1
40 55
40 91
316 100119
316 100161
316 60
316 100170
316 100136
316 100106
316 6
316 73
316 57
316 10
316 48
316 9
316 21
316 29
316 89
316 36
316 70
316 1
316 55
316 91
231 90
231 100146
231 100098
231 30
231 83
231 54
177 64
177 100159
177 74
177 24
177 39
177 67
177 20
177 11
177 65
177 2
177 33
31 100095
31 100160
31 20
186 64
186 100159
186 74
186 24
186 39
186 67
186 20
186 11
186 65
186 2
186 33
265 100099
265 26
265 87
265 22
265 72
211 100119
211 100161
211 60
211 100170
211 100136
211 100106
211 6
211 73
211 57
211 10
211 48
211 9
211 21
211 91
211 36
211 70
211 1
211 55
211 89
211 29
108 64
108 100159
108 74
108 24
108 39
108 67
108 20
108 11
108 65
108 2
108 33
144 39
144 100139
144 11
20 64
20 100159
20 74
20 24
20 39
20 67
20 20
20 11
20 65
20 2
20 33
305 100119
305 100161
305 60
305 100170
305 100136
305 100106
305 6
305 73
305 57
305 10
305 48
305 9
305 21
305 36
305 70
305 1
305 55
305 89
305 29
305 91
128 64
128 100159
128 74
128 24
128 39
128 67
128 20
128 11
128 65
128 2
128 33
152 100119
152 100161
152 60
152 100170
152 100136
152 100106
152 6
152 73
152 57
152 10
152 48
152 9
152 21
152 91
152 36
152 70
152 1
152 55
152 89
152 29
14 100119
14 100161
14 60
14 100170
14 100136
14 100106
14 6
14 73
14 57
14 10
14 48
14 9
14 21
14 29
14 36
14 70
14 1
14 55
14 89
14 91
32 100097
32 24
32 100164
