62	530
896	62
396	896
1056	896
1005	896
756	896
727	62
396	727
1056	727
1005	727
756	727
498	62
367	62
894	367
39	367
794	367
1125	367
282	1125
1107	1125
584	1125
1167	1125
426	1125
687	367
282	687
1107	687
584	687
1167	687
426	687
611	367
899	611
585	611
992	611
605	611
1032	611
603	611
131	611
892	611
1129	611
583	611
758	611
604	611
893	367
227	367
940	367
500	940
914	940
551	367
500	551
914	551
599	367
383	367
919	367
405	367
1079	367
550	367
1077	62
1120	1077
732	1077
757	1077
962	1077
762	1077
1049	1077
939	1077
761	1077
434	62
1120	434
732	434
757	434
962	434
762	434
1049	434
939	434
761	434
1074	62
776	62
431	62
741	62
994	741
720	741
572	62
895	62
50	62
755	50
1012	50
608	50
65	62
835	62
683	62
1121	62
634	62
1076	62
733	62
681	62
954	62
1064	62
595	1064
443	595
942	595
841	595
1078	595
28	595
714	595
173	595
1035	595
701	595
1023	595
446	595
922	1064
443	922
942	922
841	922
1078	922
28	922
714	922
173	922
1035	922
701	922
1023	922
446	922
990	1064
156	1064
1153	1064
271	1064
1008	1064
809	1064
355	1064
905	1064
155	1064
811	1064
337	1064
338	1064
887	1064
600	1064
826	1064
879	1064
643	1064
1063	1064
558	1064
808	1064
352	1064
952	1064
468	1064
1026	1064
831	1064
633	1064
880	1064
136	62
595	136
443	595
942	595
841	595
1078	595
28	595
714	595
173	595
1035	595
701	595
1023	595
446	595
922	136
443	922
942	922
841	922
1078	922
28	922
714	922
173	922
1035	922
701	922
1023	922
446	922
990	136
156	136
1153	136
271	136
1008	136
809	136
355	136
905	136
155	136
811	136
337	136
338	136
887	136
600	136
826	136
879	136
643	136
1063	136
558	136
808	136
352	136
952	136
468	136
1026	136
831	136
633	136
880	136
1105	62
300	62
1091	530
175	1091
793	1091
319	793
592	319
247	319
427	319
567	319
342	567
236	319
974	236
514	236
246	319
340	246
693	319
465	319
291	465
973	465
1102	319
552	319
67	319
179	793
231	179
242	179
518	179
944	793
343	793
488	793
972	793
1034	1091
319	1034
592	319
247	319
427	319
567	319
342	567
236	319
974	236
514	236
246	319
340	246
693	319
465	319
291	465
973	465
1102	319
552	319
67	319
179	1034
231	179
242	179
518	179
944	1034
343	1034
488	1034
972	1034
33	1091
319	33
592	319
247	319
427	319
567	319
342	567
236	319
974	236
514	236
246	319
340	246
693	319
465	319
291	465
973	465
1102	319
552	319
67	319
179	33
231	179
242	179
518	179
944	33
343	33
488	33
972	33
593	1091
319	593
592	319
247	319
427	319
567	319
342	567
236	319
974	236
514	236
246	319
340	246
693	319
465	319
291	465
973	465
1102	319
552	319
67	319
179	593
231	179
242	179
518	179
944	593
343	593
488	593
972	593
301	1091
685	1091
36	1091
719	1091
503	719
991	1091
80	991
375	1091
80	375
206	1091
339	206
1114	1091
339	1114
803	1091
339	803
403	1091
1021	1091
344	1091
692	1091
1142	1091
747	1091
1106	1091
799	1091
148	799
147	799
1101	1091
148	1101
147	1101
174	1091
148	174
147	174
1018	1091
373	1091
1054	1091
728	1091
202	1091
802	1091
548	530
175	548
793	548
319	793
592	319
247	319
427	319
567	319
342	567
236	319
974	236
514	236
246	319
340	246
693	319
465	319
291	465
973	465
1102	319
552	319
67	319
179	793
231	179
242	179
518	179
944	793
343	793
488	793
972	793
1034	548
319	1034
592	319
247	319
427	319
567	319
342	567
236	319
974	236
514	236
246	319
340	246
693	319
465	319
291	465
973	465
1102	319
552	319
67	319
179	1034
231	179
242	179
518	179
944	1034
343	1034
488	1034
972	1034
33	548
319	33
592	319
247	319
427	319
567	319
342	567
236	319
974	236
514	236
246	319
340	246
693	319
465	319
291	465
973	465
1102	319
552	319
67	319
179	33
231	179
242	179
518	179
944	33
343	33
488	33
972	33
593	548
319	593
592	319
247	319
427	319
567	319
342	567
236	319
974	236
514	236
246	319
340	246
693	319
465	319
291	465
973	465
1102	319
552	319
67	319
179	593
231	179
242	179
518	179
944	593
343	593
488	593
972	593
301	548
685	548
36	548
719	548
503	719
991	548
80	991
375	548
80	375
206	548
339	206
1114	548
339	1114
803	548
339	803
403	548
1021	548
344	548
692	548
1142	548
747	548
1106	548
799	548
148	799
147	799
1101	548
148	1101
147	1101
174	548
148	174
147	174
1018	548
373	548
1054	548
728	548
202	548
802	548
631	530
175	631
793	631
319	793
592	319
247	319
427	319
567	319
342	567
236	319
974	236
514	236
246	319
340	246
693	319
465	319
291	465
973	465
1102	319
552	319
67	319
179	793
231	179
242	179
518	179
944	793
343	793
488	793
972	793
1034	631
319	1034
592	319
247	319
427	319
567	319
342	567
236	319
974	236
514	236
246	319
340	246
693	319
465	319
291	465
973	465
1102	319
552	319
67	319
179	1034
231	179
242	179
518	179
944	1034
343	1034
488	1034
972	1034
33	631
319	33
592	319
247	319
427	319
567	319
342	567
236	319
974	236
514	236
246	319
340	246
693	319
465	319
291	465
973	465
1102	319
552	319
67	319
179	33
231	179
242	179
518	179
944	33
343	33
488	33
972	33
593	631
319	593
592	319
247	319
427	319
567	319
342	567
236	319
974	236
514	236
246	319
340	246
693	319
465	319
291	465
973	465
1102	319
552	319
67	319
179	593
231	179
242	179
518	179
944	593
343	593
488	593
972	593
301	631
685	631
36	631
719	631
503	719
991	631
80	991
375	631
80	375
206	631
339	206
1114	631
339	1114
803	631
339	803
403	631
1021	631
344	631
692	631
1142	631
747	631
1106	631
799	631
148	799
147	799
1101	631
148	1101
147	1101
174	631
148	174
147	174
1018	631
373	631
1054	631
728	631
202	631
802	631
487	530
796	487
501	796
1170	796
628	796
830	796
989	796
810	796
381	796
691	796
1060	691
827	691
602	691
145	691
798	691
1085	796
1060	1085
827	1085
602	1085
145	1085
798	1085
119	487
501	119
1170	119
628	119
830	119
989	119
810	119
381	119
691	119
1060	691
827	691
602	691
145	691
798	691
1085	119
1060	1085
827	1085
602	1085
145	1085
798	1085
1040	487
310	487
208	487
407	208
917	208
1146	487
750	487
456	487
904	487
104	487
457	487
1082	487
354	487
957	487
1057	487
739	487
1028	487
60	487
239	487
1039	487
158	487
814	487
1159	487
455	487
639	530
832	530
673	530
958	673
577	673
576	673
209	673
864	673
313	673
65	673
835	673
683	673
769	530
1166	530
764	530
1098	530
323	1098
425	1098
445	530
323	445
425	445
197	530
821	530
519	530
207	530
637	530
1069	530
1055	530
161	530
640	530
898	530
194	530
1084	530
564	530
876	530
299	530
435	530
183	435
62	823
896	62
396	896
1056	896
1005	896
756	896
727	62
396	727
1056	727
1005	727
756	727
498	62
367	62
894	367
39	367
794	367
1125	367
282	1125
1107	1125
584	1125
1167	1125
426	1125
687	367
282	687
1107	687
584	687
1167	687
426	687
611	367
899	611
585	611
992	611
605	611
1032	611
603	611
131	611
892	611
1129	611
583	611
758	611
604	611
893	367
227	367
940	367
500	940
914	940
551	367
500	551
914	551
599	367
383	367
919	367
405	367
1079	367
550	367
1077	62
1120	1077
732	1077
757	1077
962	1077
762	1077
1049	1077
939	1077
761	1077
434	62
1120	434
732	434
757	434
962	434
762	434
1049	434
939	434
761	434
1074	62
776	62
431	62
741	62
994	741
720	741
572	62
895	62
50	62
755	50
1012	50
608	50
65	62
835	62
683	62
1121	62
634	62
1076	62
733	62
681	62
954	62
1064	62
595	1064
443	595
942	595
841	595
1078	595
28	595
714	595
173	595
1035	595
701	595
1023	595
446	595
922	1064
443	922
942	922
841	922
1078	922
28	922
714	922
173	922
1035	922
701	922
1023	922
446	922
990	1064
156	1064
1153	1064
271	1064
1008	1064
809	1064
355	1064
905	1064
155	1064
811	1064
337	1064
338	1064
887	1064
600	1064
826	1064
879	1064
643	1064
1063	1064
558	1064
808	1064
352	1064
952	1064
468	1064
1026	1064
831	1064
633	1064
880	1064
136	62
595	136
443	595
942	595
841	595
1078	595
28	595
714	595
173	595
1035	595
701	595
1023	595
446	595
922	136
443	922
942	922
841	922
1078	922
28	922
714	922
173	922
1035	922
701	922
1023	922
446	922
990	136
156	136
1153	136
271	136
1008	136
809	136
355	136
905	136
155	136
811	136
337	136
338	136
887	136
600	136
826	136
879	136
643	136
1063	136
558	136
808	136
352	136
952	136
468	136
1026	136
831	136
633	136
880	136
1105	62
300	62
1091	823
175	1091
793	1091
319	793
592	319
247	319
427	319
567	319
342	567
236	319
974	236
514	236
246	319
340	246
693	319
465	319
291	465
973	465
1102	319
552	319
67	319
179	793
231	179
242	179
518	179
944	793
343	793
488	793
972	793
1034	1091
319	1034
592	319
247	319
427	319
567	319
342	567
236	319
974	236
514	236
246	319
340	246
693	319
465	319
291	465
973	465
1102	319
552	319
67	319
179	1034
231	179
242	179
518	179
944	1034
343	1034
488	1034
972	1034
33	1091
319	33
592	319
247	319
427	319
567	319
342	567
236	319
974	236
514	236
246	319
340	246
693	319
465	319
291	465
973	465
1102	319
552	319
67	319
179	33
231	179
242	179
518	179
944	33
343	33
488	33
972	33
593	1091
319	593
592	319
247	319
427	319
567	319
342	567
236	319
974	236
514	236
246	319
340	246
693	319
465	319
291	465
973	465
1102	319
552	319
67	319
179	593
231	179
242	179
518	179
944	593
343	593
488	593
972	593
301	1091
685	1091
36	1091
719	1091
503	719
991	1091
80	991
375	1091
80	375
206	1091
339	206
1114	1091
339	1114
803	1091
339	803
403	1091
1021	1091
344	1091
692	1091
1142	1091
747	1091
1106	1091
799	1091
148	799
147	799
1101	1091
148	1101
147	1101
174	1091
148	174
147	174
1018	1091
373	1091
1054	1091
728	1091
202	1091
802	1091
548	823
175	548
793	548
319	793
592	319
247	319
427	319
567	319
342	567
236	319
974	236
514	236
246	319
340	246
693	319
465	319
291	465
973	465
1102	319
552	319
67	319
179	793
231	179
242	179
518	179
944	793
343	793
488	793
972	793
1034	548
319	1034
592	319
247	319
427	319
567	319
342	567
236	319
974	236
514	236
246	319
340	246
693	319
465	319
291	465
973	465
1102	319
552	319
67	319
179	1034
231	179
242	179
518	179
944	1034
343	1034
488	1034
972	1034
33	548
319	33
592	319
247	319
427	319
567	319
342	567
236	319
974	236
514	236
246	319
340	246
693	319
465	319
291	465
973	465
1102	319
552	319
67	319
179	33
231	179
242	179
518	179
944	33
343	33
488	33
972	33
593	548
319	593
592	319
247	319
427	319
567	319
342	567
236	319
974	236
514	236
246	319
340	246
693	319
465	319
291	465
973	465
1102	319
552	319
67	319
179	593
231	179
242	179
518	179
944	593
343	593
488	593
972	593
301	548
685	548
36	548
719	548
503	719
991	548
80	991
375	548
80	375
206	548
339	206
1114	548
339	1114
803	548
339	803
403	548
1021	548
344	548
692	548
1142	548
747	548
1106	548
799	548
148	799
147	799
1101	548
148	1101
147	1101
174	548
148	174
147	174
1018	548
373	548
1054	548
728	548
202	548
802	548
631	823
175	631
793	631
319	793
592	319
247	319
427	319
567	319
342	567
236	319
974	236
514	236
246	319
340	246
693	319
465	319
291	465
973	465
1102	319
552	319
67	319
179	793
231	179
242	179
518	179
944	793
343	793
488	793
972	793
1034	631
319	1034
592	319
247	319
427	319
567	319
342	567
236	319
974	236
514	236
246	319
340	246
693	319
465	319
291	465
973	465
1102	319
552	319
67	319
179	1034
231	179
242	179
518	179
944	1034
343	1034
488	1034
972	1034
33	631
319	33
592	319
247	319
427	319
567	319
342	567
236	319
974	236
514	236
246	319
340	246
693	319
465	319
291	465
973	465
1102	319
552	319
67	319
179	33
231	179
242	179
518	179
944	33
343	33
488	33
972	33
593	631
319	593
592	319
247	319
427	319
567	319
342	567
236	319
974	236
514	236
246	319
340	246
693	319
465	319
291	465
973	465
1102	319
552	319
67	319
179	593
231	179
242	179
518	179
944	593
343	593
488	593
972	593
301	631
685	631
36	631
719	631
503	719
991	631
80	991
375	631
80	375
206	631
339	206
1114	631
339	1114
803	631
339	803
403	631
1021	631
344	631
692	631
1142	631
747	631
1106	631
799	631
148	799
147	799
1101	631
148	1101
147	1101
174	631
148	174
147	174
1018	631
373	631
1054	631
728	631
202	631
802	631
487	823
796	487
501	796
1170	796
628	796
830	796
989	796
810	796
381	796
691	796
1060	691
827	691
602	691
145	691
798	691
1085	796
1060	1085
827	1085
602	1085
145	1085
798	1085
119	487
501	119
1170	119
628	119
830	119
989	119
810	119
381	119
691	119
1060	691
827	691
602	691
145	691
798	691
1085	119
1060	1085
827	1085
602	1085
145	1085
798	1085
1040	487
310	487
208	487
407	208
917	208
1146	487
750	487
456	487
904	487
104	487
457	487
1082	487
354	487
957	487
1057	487
739	487
1028	487
60	487
239	487
1039	487
158	487
814	487
1159	487
455	487
639	823
832	823
673	823
958	673
577	673
576	673
209	673
864	673
313	673
65	673
835	673
683	673
769	823
1166	823
764	823
1098	823
323	1098
425	1098
445	823
323	445
425	445
197	823
821	823
519	823
207	823
637	823
1069	823
1055	823
161	823
640	823
898	823
194	823
1084	823
564	823
876	823
299	823
435	823
183	435
62	404
896	62
396	896
1056	896
1005	896
756	896
727	62
396	727
1056	727
1005	727
756	727
498	62
367	62
894	367
39	367
794	367
1125	367
282	1125
1107	1125
584	1125
1167	1125
426	1125
687	367
282	687
1107	687
584	687
1167	687
426	687
611	367
899	611
585	611
992	611
605	611
1032	611
603	611
131	611
892	611
1129	611
583	611
758	611
604	611
893	367
227	367
940	367
500	940
914	940
551	367
500	551
914	551
599	367
383	367
919	367
405	367
1079	367
550	367
1077	62
1120	1077
732	1077
757	1077
962	1077
762	1077
1049	1077
939	1077
761	1077
434	62
1120	434
732	434
757	434
962	434
762	434
1049	434
939	434
761	434
1074	62
776	62
431	62
741	62
994	741
720	741
572	62
895	62
50	62
755	50
1012	50
608	50
65	62
835	62
683	62
1121	62
634	62
1076	62
733	62
681	62
954	62
1064	62
595	1064
443	595
942	595
841	595
1078	595
28	595
714	595
173	595
1035	595
701	595
1023	595
446	595
922	1064
443	922
942	922
841	922
1078	922
28	922
714	922
173	922
1035	922
701	922
1023	922
446	922
990	1064
156	1064
1153	1064
271	1064
1008	1064
809	1064
355	1064
905	1064
155	1064
811	1064
337	1064
338	1064
887	1064
600	1064
826	1064
879	1064
643	1064
1063	1064
558	1064
808	1064
352	1064
952	1064
468	1064
1026	1064
831	1064
633	1064
880	1064
136	62
595	136
443	595
942	595
841	595
1078	595
28	595
714	595
173	595
1035	595
701	595
1023	595
446	595
922	136
443	922
942	922
841	922
1078	922
28	922
714	922
173	922
1035	922
701	922
1023	922
446	922
990	136
156	136
1153	136
271	136
1008	136
809	136
355	136
905	136
155	136
811	136
337	136
338	136
887	136
600	136
826	136
879	136
643	136
1063	136
558	136
808	136
352	136
952	136
468	136
1026	136
831	136
633	136
880	136
1105	62
300	62
1091	404
175	1091
793	1091
319	793
592	319
247	319
427	319
567	319
342	567
236	319
974	236
514	236
246	319
340	246
693	319
465	319
291	465
973	465
1102	319
552	319
67	319
179	793
231	179
242	179
518	179
944	793
343	793
488	793
972	793
1034	1091
319	1034
592	319
247	319
427	319
567	319
342	567
236	319
974	236
514	236
246	319
340	246
693	319
465	319
291	465
973	465
1102	319
552	319
67	319
179	1034
231	179
242	179
518	179
944	1034
343	1034
488	1034
972	1034
33	1091
319	33
592	319
247	319
427	319
567	319
342	567
236	319
974	236
514	236
246	319
340	246
693	319
465	319
291	465
973	465
1102	319
552	319
67	319
179	33
231	179
242	179
518	179
944	33
343	33
488	33
972	33
593	1091
319	593
592	319
247	319
427	319
567	319
342	567
236	319
974	236
514	236
246	319
340	246
693	319
465	319
291	465
973	465
1102	319
552	319
67	319
179	593
231	179
242	179
518	179
944	593
343	593
488	593
972	593
301	1091
685	1091
36	1091
719	1091
503	719
991	1091
80	991
375	1091
80	375
206	1091
339	206
1114	1091
339	1114
803	1091
339	803
403	1091
1021	1091
344	1091
692	1091
1142	1091
747	1091
1106	1091
799	1091
148	799
147	799
1101	1091
148	1101
147	1101
174	1091
148	174
147	174
1018	1091
373	1091
1054	1091
728	1091
202	1091
802	1091
548	404
175	548
793	548
319	793
592	319
247	319
427	319
567	319
342	567
236	319
974	236
514	236
246	319
340	246
693	319
465	319
291	465
973	465
1102	319
552	319
67	319
179	793
231	179
242	179
518	179
944	793
343	793
488	793
972	793
1034	548
319	1034
592	319
247	319
427	319
567	319
342	567
236	319
974	236
514	236
246	319
340	246
693	319
465	319
291	465
973	465
1102	319
552	319
67	319
179	1034
231	179
242	179
518	179
944	1034
343	1034
488	1034
972	1034
33	548
319	33
592	319
247	319
427	319
567	319
342	567
236	319
974	236
514	236
246	319
340	246
693	319
465	319
291	465
973	465
1102	319
552	319
67	319
179	33
231	179
242	179
518	179
944	33
343	33
488	33
972	33
593	548
319	593
592	319
247	319
427	319
567	319
342	567
236	319
974	236
514	236
246	319
340	246
693	319
465	319
291	465
973	465
1102	319
552	319
67	319
179	593
231	179
242	179
518	179
944	593
343	593
488	593
972	593
301	548
685	548
36	548
719	548
503	719
991	548
80	991
375	548
80	375
206	548
339	206
1114	548
339	1114
803	548
339	803
403	548
1021	548
344	548
692	548
1142	548
747	548
1106	548
799	548
148	799
147	799
1101	548
148	1101
147	1101
174	548
148	174
147	174
1018	548
373	548
1054	548
728	548
202	548
802	548
631	404
175	631
793	631
319	793
592	319
247	319
427	319
567	319
342	567
236	319
974	236
514	236
246	319
340	246
693	319
465	319
291	465
973	465
1102	319
552	319
67	319
179	793
231	179
242	179
518	179
944	793
343	793
488	793
972	793
1034	631
319	1034
592	319
247	319
427	319
567	319
342	567
236	319
974	236
514	236
246	319
340	246
693	319
465	319
291	465
973	465
1102	319
552	319
67	319
179	1034
231	179
242	179
518	179
944	1034
343	1034
488	1034
972	1034
33	631
319	33
592	319
247	319
427	319
567	319
342	567
236	319
974	236
514	236
246	319
340	246
693	319
465	319
291	465
973	465
1102	319
552	319
67	319
179	33
231	179
242	179
518	179
944	33
343	33
488	33
972	33
593	631
319	593
592	319
247	319
427	319
567	319
342	567
236	319
974	236
514	236
246	319
340	246
693	319
465	319
291	465
973	465
1102	319
552	319
67	319
179	593
231	179
242	179
518	179
944	593
343	593
488	593
972	593
301	631
685	631
36	631
719	631
503	719
991	631
80	991
375	631
80	375
206	631
339	206
1114	631
339	1114
803	631
339	803
403	631
1021	631
344	631
692	631
1142	631
747	631
1106	631
799	631
148	799
147	799
1101	631
148	1101
147	1101
174	631
148	174
147	174
1018	631
373	631
1054	631
728	631
202	631
802	631
487	404
796	487
501	796
1170	796
628	796
830	796
989	796
810	796
381	796
691	796
1060	691
827	691
602	691
145	691
798	691
1085	796
1060	1085
827	1085
602	1085
145	1085
798	1085
119	487
501	119
1170	119
628	119
830	119
989	119
810	119
381	119
691	119
1060	691
827	691
602	691
145	691
798	691
1085	119
1060	1085
827	1085
602	1085
145	1085
798	1085
1040	487
310	487
208	487
407	208
917	208
1146	487
750	487
456	487
904	487
104	487
457	487
1082	487
354	487
957	487
1057	487
739	487
1028	487
60	487
239	487
1039	487
158	487
814	487
1159	487
455	487
639	404
832	404
673	404
958	673
577	673
576	673
209	673
864	673
313	673
65	673
835	673
683	673
769	404
1166	404
764	404
1098	404
323	1098
425	1098
445	404
323	445
425	445
197	404
821	404
519	404
207	404
637	404
1069	404
1055	404
161	404
640	404
898	404
194	404
1084	404
564	404
876	404
299	404
435	404
183	435
773	804
122	773
1149	122
1137	1149
395	1149
499	122
1137	499
395	499
790	773
1149	790
1137	1149
395	1149
499	790
1137	499
395	499
1109	773
1149	1109
1137	1149
395	1149
499	1109
1137	499
395	499
797	773
1149	797
1137	1149
395	1149
499	797
1137	499
395	499
871	773
491	871
874	871
735	871
1132	871
29	871
409	871
1066	871
523	773
491	523
874	523
735	523
1132	523
29	523
409	523
1066	523
1175	773
389	773
906	773
464	773
370	773
995	773
412	995
1139	995
191	995
1150	995
411	995
1108	995
413	995
190	773
412	190
1139	190
191	190
1150	190
411	190
1108	190
413	190
601	773
536	773
1103	773
55	773
591	55
791	773
591	791
801	773
591	801
686	773
573	773
999	773
252	773
1000	773
533	773
789	773
69	773
249	804
1177	249
689	1177
462	1177
364	249
689	364
462	364
281	249
661	249
1176	804
1177	1176
689	1177
462	1177
364	1176
689	364
462	364
281	1176
661	1176
153	804
347	153
875	153
54	153
1115	804
347	1115
875	1115
54	1115
473	804
1006	804
936	804
712	804
985	804
72	985
659	985
269	659
818	985
269	818
177	985
509	985
913	985
40	985
816	985
1087	985
915	985
636	985
993	985
481	985
475	804
72	475
659	475
269	659
818	475
269	818
177	475
509	475
913	475
40	475
816	475
1087	475
915	475
636	475
993	475
481	475
851	804
111	851
230	804
111	230
937	804
581	804
1136	804
1165	1136
562	1136
1141	1136
745	1136
657	804
1165	657
562	657
1141	657
745	657
184	804
951	184
63	184
283	804
787	804
815	804
397	804
711	804
760	804
838	804
74	804
829	74
627	74
820	74
517	74
708	804
836	804
773	1048
122	773
1149	122
1137	1149
395	1149
499	122
1137	499
395	499
790	773
1149	790
1137	1149
395	1149
499	790
1137	499
395	499
1109	773
1149	1109
1137	1149
395	1149
499	1109
1137	499
395	499
797	773
1149	797
1137	1149
395	1149
499	797
1137	499
395	499
871	773
491	871
874	871
735	871
1132	871
29	871
409	871
1066	871
523	773
491	523
874	523
735	523
1132	523
29	523
409	523
1066	523
1175	773
389	773
906	773
464	773
370	773
995	773
412	995
1139	995
191	995
1150	995
411	995
1108	995
413	995
190	773
412	190
1139	190
191	190
1150	190
411	190
1108	190
413	190
601	773
536	773
1103	773
55	773
591	55
791	773
591	791
801	773
591	801
686	773
573	773
999	773
252	773
1000	773
533	773
789	773
69	773
249	1048
1177	249
689	1177
462	1177
364	249
689	364
462	364
281	249
661	249
1176	1048
1177	1176
689	1177
462	1177
364	1176
689	364
462	364
281	1176
661	1176
153	1048
347	153
875	153
54	153
1115	1048
347	1115
875	1115
54	1115
473	1048
1006	1048
936	1048
712	1048
985	1048
72	985
659	985
269	659
818	985
269	818
177	985
509	985
913	985
40	985
816	985
1087	985
915	985
636	985
993	985
481	985
475	1048
72	475
659	475
269	659
818	475
269	818
177	475
509	475
913	475
40	475
816	475
1087	475
915	475
636	475
993	475
481	475
851	1048
111	851
230	1048
111	230
937	1048
581	1048
1136	1048
1165	1136
562	1136
1141	1136
745	1136
657	1048
1165	657
562	657
1141	657
745	657
184	1048
951	184
63	184
283	1048
787	1048
815	1048
397	1048
711	1048
760	1048
838	1048
74	1048
829	74
627	74
820	74
517	74
708	1048
836	1048
773	768
122	773
1149	122
1137	1149
395	1149
499	122
1137	499
395	499
790	773
1149	790
1137	1149
395	1149
499	790
1137	499
395	499
1109	773
1149	1109
1137	1149
395	1149
499	1109
1137	499
395	499
797	773
1149	797
1137	1149
395	1149
499	797
1137	499
395	499
871	773
491	871
874	871
735	871
1132	871
29	871
409	871
1066	871
523	773
491	523
874	523
735	523
1132	523
29	523
409	523
1066	523
1175	773
389	773
906	773
464	773
370	773
995	773
412	995
1139	995
191	995
1150	995
411	995
1108	995
413	995
190	773
412	190
1139	190
191	190
1150	190
411	190
1108	190
413	190
601	773
536	773
1103	773
55	773
591	55
791	773
591	791
801	773
591	801
686	773
573	773
999	773
252	773
1000	773
533	773
789	773
69	773
249	768
1177	249
689	1177
462	1177
364	249
689	364
462	364
281	249
661	249
1176	768
1177	1176
689	1177
462	1177
364	1176
689	364
462	364
281	1176
661	1176
153	768
347	153
875	153
54	153
1115	768
347	1115
875	1115
54	1115
473	768
1006	768
936	768
712	768
985	768
72	985
659	985
269	659
818	985
269	818
177	985
509	985
913	985
40	985
816	985
1087	985
915	985
636	985
993	985
481	985
475	768
72	475
659	475
269	659
818	475
269	818
177	475
509	475
913	475
40	475
816	475
1087	475
915	475
636	475
993	475
481	475
851	768
111	851
230	768
111	230
937	768
581	768
1136	768
1165	1136
562	1136
1141	1136
745	1136
657	768
1165	657
562	657
1141	657
745	657
184	768
951	184
63	184
283	768
787	768
815	768
397	768
711	768
760	768
838	768
74	768
829	74
627	74
820	74
517	74
708	768
836	768
698	160
508	698
311	698
621	160
70	621
684	160
862	684
135	684
1019	160
297	160
1047	160
75	160
1117	160
531	160
1163	160
200	160
166	843
877	843
1143	843
436	843
167	843
166	168
877	168
1143	168
436	168
167	168
262	240
607	262
89	262
439	240
141	240
241	141
366	240
866	240
987	240
1118	987
329	987
926	987
510	987
371	240
1118	371
329	371
926	371
510	371
759	240
1128	240
546	113
1123	113
357	1123
458	1123
302	113
357	302
458	302
265	113
1144	113
400	113
565	113
1145	113
546	976
1123	976
357	1123
458	1123
302	976
357	302
458	302
265	976
1144	976
400	976
565	976
1145	976
680	677
477	680
99	680
289	680
484	289
649	680
651	680
454	677
259	51
129	51
1174	51
489	51
1173	51
740	51
68	51
1003	51
121	51
408	51
467	51
1131	51
1058	51
394	51
259	1095
129	1095
1174	1095
489	1095
1173	1095
740	1095
68	1095
1003	1095
121	1095
408	1095
467	1095
1131	1095
1058	1095
394	1095
966	666
1130	966
369	1130
923	1130
56	1130
215	1130
1135	1130
997	1135
251	1135
575	1135
410	1130
997	410
251	410
575	410
49	1130
114	1130
998	1130
441	1130
597	1130
933	1130
285	1130
52	966
369	52
923	52
56	52
215	52
1135	52
997	1135
251	1135
575	1135
410	52
997	410
251	410
575	410
49	52
114	52
998	52
441	52
597	52
933	52
285	52
532	966
277	532
181	532
312	532
324	532
447	532
199	532
287	532
873	287
322	287
220	532
216	532
1094	532
308	532
1140	966
277	1140
181	1140
312	1140
324	1140
447	1140
199	1140
287	1140
873	287
322	287
220	1140
216	1140
1094	1140
308	1140
295	966
268	666
1130	268
369	1130
923	1130
56	1130
215	1130
1135	1130
997	1135
251	1135
575	1135
410	1130
997	410
251	410
575	410
49	1130
114	1130
998	1130
441	1130
597	1130
933	1130
285	1130
52	268
369	52
923	52
56	52
215	52
1135	52
997	1135
251	1135
575	1135
410	52
997	410
251	410
575	410
49	52
114	52
998	52
441	52
597	52
933	52
285	52
532	268
277	532
181	532
312	532
324	532
447	532
199	532
287	532
873	287
322	287
220	532
216	532
1094	532
308	532
1140	268
277	1140
181	1140
312	1140
324	1140
447	1140
199	1140
287	1140
873	287
322	287
220	1140
216	1140
1094	1140
308	1140
295	268
92	666
57	666
358	303
459	303
646	672
505	672
697	478
309	478
975	478
697	1151
309	1151
975	1151
729	401
729	861
729	844
109	977
1009	109
203	1009
763	109
203	763
748	109
1075	109
107	109
164	977
109	850
1009	109
203	1009
763	109
203	763
748	109
1075	109
107	109
164	850
109	288
1009	109
203	1009
763	109
203	763
748	109
1075	109
107	109
164	288
890	421
244	421
540	525
1011	525
560	525
233	90
1124	90
492	90
233	1112
1124	1112
492	1112
474	817
889	474
470	474
372	474
330	372
1160	372
176	474
635	474
956	474
91	474
982	817
94	817
881	31
149	881
117	881
298	31
149	298
117	298
387	31
563	387
897	563
598	563
853	387
897	853
598	853
695	387
619	31
563	619
897	563
598	563
853	619
897	853
598	853
695	619
988	31
563	988
897	563
598	563
853	988
897	853
598	853
695	988
154	31
563	154
897	563
598	563
853	154
897	853
598	853
695	154
969	31
563	969
897	563
598	563
853	969
897	853
598	853
695	969
736	31
563	736
897	563
598	563
853	736
897	853
598	853
695	736
854	31
563	854
897	563
598	563
853	854
897	853
598	853
695	854
671	31
1020	671
126	1020
128	1020
125	671
126	125
128	125
78	671
350	671
1037	31
1020	1037
126	1020
128	1020
125	1037
126	125
128	125
78	1037
350	1037
881	967
149	881
117	881
298	967
149	298
117	298
387	967
563	387
897	563
598	563
853	387
897	853
598	853
695	387
619	967
563	619
897	563
598	563
853	619
897	853
598	853
695	619
988	967
563	988
897	563
598	563
853	988
897	853
598	853
695	988
154	967
563	154
897	563
598	563
853	154
897	853
598	853
695	154
969	967
563	969
897	563
598	563
853	969
897	853
598	853
695	969
736	967
563	736
897	563
598	563
853	736
897	853
598	853
695	736
854	967
563	854
897	563
598	563
853	854
897	853
598	853
695	854
671	967
1020	671
126	1020
128	1020
125	671
126	125
128	125
78	671
350	671
1037	967
1020	1037
126	1020
128	1020
125	1037
126	125
128	125
78	1037
350	1037
881	839
149	881
117	881
298	839
149	298
117	298
387	839
563	387
897	563
598	563
853	387
897	853
598	853
695	387
619	839
563	619
897	563
598	563
853	619
897	853
598	853
695	619
988	839
563	988
897	563
598	563
853	988
897	853
598	853
695	988
154	839
563	154
897	563
598	563
853	154
897	853
598	853
695	154
969	839
563	969
897	563
598	563
853	969
897	853
598	853
695	969
736	839
563	736
897	563
598	563
853	736
897	853
598	853
695	736
854	839
563	854
897	563
598	563
853	854
897	853
598	853
695	854
671	839
1020	671
126	1020
128	1020
125	671
126	125
128	125
78	671
350	671
1037	839
1020	1037
126	1020
128	1020
125	1037
126	125
128	125
78	1037
350	1037
855	842
1113	855
123	1113
82	1113
579	1113
314	1113
361	1113
872	1113
616	1113
279	1113
87	1113
127	1113
451	1113
101	1113
715	1113
1119	1113
97	1113
218	1113
752	1113
544	1113
650	1113
656	1113
438	1113
379	1113
746	1113
368	1113
515	1113
142	1113
293	1113
332	1113
46	1113
222	1113
668	1113
210	1113
675	855
123	675
82	675
579	675
314	675
361	675
872	675
616	675
279	675
87	675
127	675
451	675
101	675
715	675
1119	675
97	675
218	675
752	675
544	675
650	675
656	675
438	675
379	675
746	675
368	675
515	675
142	675
293	675
332	675
46	675
222	675
668	675
210	675
834	855
648	834
485	648
211	834
144	834
100	834
48	834
294	834
224	834
103	834
615	834
865	834
334	834
670	834
83	834
345	834
1080	834
678	855
648	678
485	648
211	678
144	678
100	678
48	678
294	678
224	678
103	678
615	678
865	678
334	678
670	678
83	678
345	678
1080	678
134	855
837	134
713	134
925	134
133	134
582	134
825	134
934	855
837	934
713	934
925	934
133	934
582	934
825	934
805	855
622	805
1051	805
828	805
737	805
800	805
1052	805
185	805
255	855
622	255
1051	255
828	255
737	255
800	255
1052	255
185	255
432	855
955	855
195	855
139	195
571	195
938	195
765	195
130	195
157	195
795	195
95	195
961	195
588	195
1111	195
384	195
38	195
1083	195
306	855
541	855
1127	855
328	855
982	328
94	328
189	328
570	855
1104	855
718	855
520	855
1041	855
495	855
589	495
947	855
589	947
730	855
959	855
878	855
388	855
620	855
596	855
180	596
261	855
317	855
1022	855
1073	842
1113	1073
123	1113
82	1113
579	1113
314	1113
361	1113
872	1113
616	1113
279	1113
87	1113
127	1113
451	1113
101	1113
715	1113
1119	1113
97	1113
218	1113
752	1113
544	1113
650	1113
656	1113
438	1113
379	1113
746	1113
368	1113
515	1113
142	1113
293	1113
332	1113
46	1113
222	1113
668	1113
210	1113
675	1073
123	675
82	675
579	675
314	675
361	675
872	675
616	675
279	675
87	675
127	675
451	675
101	675
715	675
1119	675
97	675
218	675
752	675
544	675
650	675
656	675
438	675
379	675
746	675
368	675
515	675
142	675
293	675
332	675
46	675
222	675
668	675
210	675
834	1073
648	834
485	648
211	834
144	834
100	834
48	834
294	834
224	834
103	834
615	834
865	834
334	834
670	834
83	834
345	834
1080	834
678	1073
648	678
485	648
211	678
144	678
100	678
48	678
294	678
224	678
103	678
615	678
865	678
334	678
670	678
83	678
345	678
1080	678
134	1073
837	134
713	134
925	134
133	134
582	134
825	134
934	1073
837	934
713	934
925	934
133	934
582	934
825	934
805	1073
622	805
1051	805
828	805
737	805
800	805
1052	805
185	805
255	1073
622	255
1051	255
828	255
737	255
800	255
1052	255
185	255
432	1073
955	1073
195	1073
139	195
571	195
938	195
765	195
130	195
157	195
795	195
95	195
961	195
588	195
1111	195
384	195
38	195
1083	195
306	1073
541	1073
1127	1073
328	1073
982	328
94	328
189	328
570	1073
1104	1073
718	1073
520	1073
1041	1073
495	1073
589	495
947	1073
589	947
730	1073
959	1073
878	1073
388	1073
620	1073
596	1073
180	596
261	1073
317	1073
1022	1073
819	842
1113	819
123	1113
82	1113
579	1113
314	1113
361	1113
872	1113
616	1113
279	1113
87	1113
127	1113
451	1113
101	1113
715	1113
1119	1113
97	1113
218	1113
752	1113
544	1113
650	1113
656	1113
438	1113
379	1113
746	1113
368	1113
515	1113
142	1113
293	1113
332	1113
46	1113
222	1113
668	1113
210	1113
675	819
123	675
82	675
579	675
314	675
361	675
872	675
616	675
279	675
87	675
127	675
451	675
101	675
715	675
1119	675
97	675
218	675
752	675
544	675
650	675
656	675
438	675
379	675
746	675
368	675
515	675
142	675
293	675
332	675
46	675
222	675
668	675
210	675
834	819
648	834
485	648
211	834
144	834
100	834
48	834
294	834
224	834
103	834
615	834
865	834
334	834
670	834
83	834
345	834
1080	834
678	819
648	678
485	648
211	678
144	678
100	678
48	678
294	678
224	678
103	678
615	678
865	678
334	678
670	678
83	678
345	678
1080	678
134	819
837	134
713	134
925	134
133	134
582	134
825	134
934	819
837	934
713	934
925	934
133	934
582	934
825	934
805	819
622	805
1051	805
828	805
737	805
800	805
1052	805
185	805
255	819
622	255
1051	255
828	255
737	255
800	255
1052	255
185	255
432	819
955	819
195	819
139	195
571	195
938	195
765	195
130	195
157	195
795	195
95	195
961	195
588	195
1111	195
384	195
38	195
1083	195
306	819
541	819
1127	819
328	819
982	328
94	328
189	328
570	819
1104	819
718	819
520	819
1041	819
495	819
589	495
947	819
589	947
730	819
959	819
878	819
388	819
620	819
596	819
180	596
261	819
317	819
1022	819
511	842
1113	511
123	1113
82	1113
579	1113
314	1113
361	1113
872	1113
616	1113
279	1113
87	1113
127	1113
451	1113
101	1113
715	1113
1119	1113
97	1113
218	1113
752	1113
544	1113
650	1113
656	1113
438	1113
379	1113
746	1113
368	1113
515	1113
142	1113
293	1113
332	1113
46	1113
222	1113
668	1113
210	1113
675	511
123	675
82	675
579	675
314	675
361	675
872	675
616	675
279	675
87	675
127	675
451	675
101	675
715	675
1119	675
97	675
218	675
752	675
544	675
650	675
656	675
438	675
379	675
746	675
368	675
515	675
142	675
293	675
332	675
46	675
222	675
668	675
210	675
834	511
648	834
485	648
211	834
144	834
100	834
48	834
294	834
224	834
103	834
615	834
865	834
334	834
670	834
83	834
345	834
1080	834
678	511
648	678
485	648
211	678
144	678
100	678
48	678
294	678
224	678
103	678
615	678
865	678
334	678
670	678
83	678
345	678
1080	678
134	511
837	134
713	134
925	134
133	134
582	134
825	134
934	511
837	934
713	934
925	934
133	934
582	934
825	934
805	511
622	805
1051	805
828	805
737	805
800	805
1052	805
185	805
255	511
622	255
1051	255
828	255
737	255
800	255
1052	255
185	255
432	511
955	511
195	511
139	195
571	195
938	195
765	195
130	195
157	195
795	195
95	195
961	195
588	195
1111	195
384	195
38	195
1083	195
306	511
541	511
1127	511
328	511
982	328
94	328
189	328
570	511
1104	511
718	511
520	511
1041	511
495	511
589	495
947	511
589	947
730	511
959	511
878	511
388	511
620	511
596	511
180	596
261	511
317	511
1022	511
1099	842
1088	1099
1025	1088
529	1088
772	1088
469	772
534	772
981	772
1010	772
625	772
1097	772
537	772
660	772
1138	772
1042	1088
469	1042
534	1042
981	1042
1010	1042
625	1042
1097	1042
537	1042
660	1042
1138	1042
474	1088
889	474
470	474
372	474
330	372
1160	372
176	474
635	474
956	474
91	474
1030	1088
1093	1030
34	1030
749	1030
32	1088
1093	32
34	32
749	32
359	1088
188	1088
863	1088
516	1088
1038	1088
275	1088
626	1088
193	1088
228	1088
71	1099
1025	71
529	71
772	71
469	772
534	772
981	772
1010	772
625	772
1097	772
537	772
660	772
1138	772
1042	71
469	1042
534	1042
981	1042
1010	1042
625	1042
1097	1042
537	1042
660	1042
1138	1042
474	71
889	474
470	474
372	474
330	372
1160	372
176	474
635	474
956	474
91	474
1030	71
1093	1030
34	1030
749	1030
32	71
1093	32
34	32
749	32
359	71
188	71
863	71
516	71
1038	71
275	71
626	71
193	71
228	71
77	1099
924	77
143	924
325	77
143	325
47	77
143	47
225	77
653	77
1169	77
766	77
667	766
217	766
362	766
888	766
641	766
1071	766
642	766
496	766
1158	766
638	766
110	766
902	766
280	766
118	766
214	766
909	77
613	77
453	77
452	453
669	452
448	452
578	453
292	578
226	578
480	578
586	578
868	578
1046	453
292	1046
226	1046
480	1046
586	1046
868	1046
716	77
867	77
1134	77
276	77
124	77
43	124
146	77
349	77
102	77
1044	77
932	77
105	932
753	77
105	753
79	77
482	77
645	77
644	645
331	77
93	77
706	77
212	77
120	77
941	77
137	77
415	77
490	77
335	77
870	77
98	77
916	77
694	916
770	77
694	770
538	77
754	77
869	77
699	77
946	77
682	77
920	77
696	77
910	77
84	77
380	77
376	77
907	77
333	77
703	77
908	77
169	77
59	77
911	77
617	77
900	77
315	77
229	77
296	77
614	1099
132	614
96	132
918	1099
256	1099
178	1099
742	178
1070	178
556	178
1072	178
618	178
172	178
547	178
971	178
170	178
150	178
1152	1099
629	1152
744	1152
557	1152
743	1152
1068	1152
198	1152
1014	1152
555	1152
238	1152
1090	1152
423	1152
162	1152
1045	1152
392	1152
901	1152
320	1152
542	1099
629	542
744	542
557	542
743	542
1068	542
198	542
1014	542
555	542
238	542
1090	542
423	542
162	542
1045	542
392	542
901	542
320	542
891	1099
44	1099
254	1099
963	1099
165	1099
1164	1099
561	1164
420	1164
112	1164
264	1164
1016	1164
624	1099
561	624
420	624
112	624
264	624
1016	624
273	1099
1133	1099
512	1099
679	512
676	1099
1116	676
652	676
377	1099
968	1099
1172	1099
192	1172
53	192
479	1172
647	1172
245	1172
278	1099
192	278
53	192
479	278
647	278
245	278
351	1099
609	1099
1155	1099
935	1099
476	1099
885	1099
442	1099
886	1099
76	1099
182	1099
751	182
186	182
45	182
493	1099
554	1099
1004	554
580	554
709	554
1171	554
921	1099
1004	921
580	921
709	921
1171	921
213	1099
466	213
945	213
1089	213
630	213
984	1099
466	984
945	984
1089	984
630	984
1096	1099
527	1099
424	1099
543	1099
106	1099
336	1099
707	1099
502	1099
152	1099
535	1099
978	1099
159	1099
928	1099
398	1099
263	1099
1147	1099
61	1099
66	1099
513	1099
460	1099
996	1099
1029	1099
721	1099
1024	1099
559	1099
1043	1099
58	1099
710	1099
353	710
440	1099
1081	1099
378	1099
949	1099
138	1099
979	1099
568	1099
594	1099
1001	1099
590	1099
430	1099
1062	1099
385	1099
140	1099
822	842
1088	822
1025	1088
529	1088
772	1088
469	772
534	772
981	772
1010	772
625	772
1097	772
537	772
660	772
1138	772
1042	1088
469	1042
534	1042
981	1042
1010	1042
625	1042
1097	1042
537	1042
660	1042
1138	1042
474	1088
889	474
470	474
372	474
330	372
1160	372
176	474
635	474
956	474
91	474
1030	1088
1093	1030
34	1030
749	1030
32	1088
1093	32
34	32
749	32
359	1088
188	1088
863	1088
516	1088
1038	1088
275	1088
626	1088
193	1088
228	1088
71	822
1025	71
529	71
772	71
469	772
534	772
981	772
1010	772
625	772
1097	772
537	772
660	772
1138	772
1042	71
469	1042
534	1042
981	1042
1010	1042
625	1042
1097	1042
537	1042
660	1042
1138	1042
474	71
889	474
470	474
372	474
330	372
1160	372
176	474
635	474
956	474
91	474
1030	71
1093	1030
34	1030
749	1030
32	71
1093	32
34	32
749	32
359	71
188	71
863	71
516	71
1038	71
275	71
626	71
193	71
228	71
77	822
924	77
143	924
325	77
143	325
47	77
143	47
225	77
653	77
1169	77
766	77
667	766
217	766
362	766
888	766
641	766
1071	766
642	766
496	766
1158	766
638	766
110	766
902	766
280	766
118	766
214	766
909	77
613	77
453	77
452	453
669	452
448	452
578	453
292	578
226	578
480	578
586	578
868	578
1046	453
292	1046
226	1046
480	1046
586	1046
868	1046
716	77
867	77
1134	77
276	77
124	77
43	124
146	77
349	77
102	77
1044	77
932	77
105	932
753	77
105	753
79	77
482	77
645	77
644	645
331	77
93	77
706	77
212	77
120	77
941	77
137	77
415	77
490	77
335	77
870	77
98	77
916	77
694	916
770	77
694	770
538	77
754	77
869	77
699	77
946	77
682	77
920	77
696	77
910	77
84	77
380	77
376	77
907	77
333	77
703	77
908	77
169	77
59	77
911	77
617	77
900	77
315	77
229	77
296	77
614	822
132	614
96	132
918	822
256	822
178	822
742	178
1070	178
556	178
1072	178
618	178
172	178
547	178
971	178
170	178
150	178
1152	822
629	1152
744	1152
557	1152
743	1152
1068	1152
198	1152
1014	1152
555	1152
238	1152
1090	1152
423	1152
162	1152
1045	1152
392	1152
901	1152
320	1152
542	822
629	542
744	542
557	542
743	542
1068	542
198	542
1014	542
555	542
238	542
1090	542
423	542
162	542
1045	542
392	542
901	542
320	542
891	822
44	822
254	822
963	822
165	822
1164	822
561	1164
420	1164
112	1164
264	1164
1016	1164
624	822
561	624
420	624
112	624
264	624
1016	624
273	822
1133	822
512	822
679	512
676	822
1116	676
652	676
377	822
968	822
1172	822
192	1172
53	192
479	1172
647	1172
245	1172
278	822
192	278
53	192
479	278
647	278
245	278
351	822
609	822
1155	822
935	822
476	822
885	822
442	822
886	822
76	822
182	822
751	182
186	182
45	182
493	822
554	822
1004	554
580	554
709	554
1171	554
921	822
1004	921
580	921
709	921
1171	921
213	822
466	213
945	213
1089	213
630	213
984	822
466	984
945	984
1089	984
630	984
1096	822
527	822
424	822
543	822
106	822
336	822
707	822
502	822
152	822
535	822
978	822
159	822
928	822
398	822
263	822
1147	822
61	822
66	822
513	822
460	822
996	822
1029	822
721	822
1024	822
559	822
1043	822
58	822
710	822
353	710
440	822
1081	822
378	822
949	822
138	822
979	822
568	822
594	822
1001	822
590	822
430	822
1062	822
385	822
140	822
983	842
1088	983
1025	1088
529	1088
772	1088
469	772
534	772
981	772
1010	772
625	772
1097	772
537	772
660	772
1138	772
1042	1088
469	1042
534	1042
981	1042
1010	1042
625	1042
1097	1042
537	1042
660	1042
1138	1042
474	1088
889	474
470	474
372	474
330	372
1160	372
176	474
635	474
956	474
91	474
1030	1088
1093	1030
34	1030
749	1030
32	1088
1093	32
34	32
749	32
359	1088
188	1088
863	1088
516	1088
1038	1088
275	1088
626	1088
193	1088
228	1088
71	983
1025	71
529	71
772	71
469	772
534	772
981	772
1010	772
625	772
1097	772
537	772
660	772
1138	772
1042	71
469	1042
534	1042
981	1042
1010	1042
625	1042
1097	1042
537	1042
660	1042
1138	1042
474	71
889	474
470	474
372	474
330	372
1160	372
176	474
635	474
956	474
91	474
1030	71
1093	1030
34	1030
749	1030
32	71
1093	32
34	32
749	32
359	71
188	71
863	71
516	71
1038	71
275	71
626	71
193	71
228	71
77	983
924	77
143	924
325	77
143	325
47	77
143	47
225	77
653	77
1169	77
766	77
667	766
217	766
362	766
888	766
641	766
1071	766
642	766
496	766
1158	766
638	766
110	766
902	766
280	766
118	766
214	766
909	77
613	77
453	77
452	453
669	452
448	452
578	453
292	578
226	578
480	578
586	578
868	578
1046	453
292	1046
226	1046
480	1046
586	1046
868	1046
716	77
867	77
1134	77
276	77
124	77
43	124
146	77
349	77
102	77
1044	77
932	77
105	932
753	77
105	753
79	77
482	77
645	77
644	645
331	77
93	77
706	77
212	77
120	77
941	77
137	77
415	77
490	77
335	77
870	77
98	77
916	77
694	916
770	77
694	770
538	77
754	77
869	77
699	77
946	77
682	77
920	77
696	77
910	77
84	77
380	77
376	77
907	77
333	77
703	77
908	77
169	77
59	77
911	77
617	77
900	77
315	77
229	77
296	77
614	983
132	614
96	132
918	983
256	983
178	983
742	178
1070	178
556	178
1072	178
618	178
172	178
547	178
971	178
170	178
150	178
1152	983
629	1152
744	1152
557	1152
743	1152
1068	1152
198	1152
1014	1152
555	1152
238	1152
1090	1152
423	1152
162	1152
1045	1152
392	1152
901	1152
320	1152
542	983
629	542
744	542
557	542
743	542
1068	542
198	542
1014	542
555	542
238	542
1090	542
423	542
162	542
1045	542
392	542
901	542
320	542
891	983
44	983
254	983
963	983
165	983
1164	983
561	1164
420	1164
112	1164
264	1164
1016	1164
624	983
561	624
420	624
112	624
264	624
1016	624
273	983
1133	983
512	983
679	512
676	983
1116	676
652	676
377	983
968	983
1172	983
192	1172
53	192
479	1172
647	1172
245	1172
278	983
192	278
53	192
479	278
647	278
245	278
351	983
609	983
1155	983
935	983
476	983
885	983
442	983
886	983
76	983
182	983
751	182
186	182
45	182
493	983
554	983
1004	554
580	554
709	554
1171	554
921	983
1004	921
580	921
709	921
1171	921
213	983
466	213
945	213
1089	213
630	213
984	983
466	984
945	984
1089	984
630	984
1096	983
527	983
424	983
543	983
106	983
336	983
707	983
502	983
152	983
535	983
978	983
159	983
928	983
398	983
263	983
1147	983
61	983
66	983
513	983
460	983
996	983
1029	983
721	983
1024	983
559	983
1043	983
58	983
710	983
353	710
440	983
1081	983
378	983
949	983
138	983
979	983
568	983
594	983
1001	983
590	983
430	983
1062	983
385	983
140	983
524	842
1088	524
1025	1088
529	1088
772	1088
469	772
534	772
981	772
1010	772
625	772
1097	772
537	772
660	772
1138	772
1042	1088
469	1042
534	1042
981	1042
1010	1042
625	1042
1097	1042
537	1042
660	1042
1138	1042
474	1088
889	474
470	474
372	474
330	372
1160	372
176	474
635	474
956	474
91	474
1030	1088
1093	1030
34	1030
749	1030
32	1088
1093	32
34	32
749	32
359	1088
188	1088
863	1088
516	1088
1038	1088
275	1088
626	1088
193	1088
228	1088
71	524
1025	71
529	71
772	71
469	772
534	772
981	772
1010	772
625	772
1097	772
537	772
660	772
1138	772
1042	71
469	1042
534	1042
981	1042
1010	1042
625	1042
1097	1042
537	1042
660	1042
1138	1042
474	71
889	474
470	474
372	474
330	372
1160	372
176	474
635	474
956	474
91	474
1030	71
1093	1030
34	1030
749	1030
32	71
1093	32
34	32
749	32
359	71
188	71
863	71
516	71
1038	71
275	71
626	71
193	71
228	71
77	524
924	77
143	924
325	77
143	325
47	77
143	47
225	77
653	77
1169	77
766	77
667	766
217	766
362	766
888	766
641	766
1071	766
642	766
496	766
1158	766
638	766
110	766
902	766
280	766
118	766
214	766
909	77
613	77
453	77
452	453
669	452
448	452
578	453
292	578
226	578
480	578
586	578
868	578
1046	453
292	1046
226	1046
480	1046
586	1046
868	1046
716	77
867	77
1134	77
276	77
124	77
43	124
146	77
349	77
102	77
1044	77
932	77
105	932
753	77
105	753
79	77
482	77
645	77
644	645
331	77
93	77
706	77
212	77
120	77
941	77
137	77
415	77
490	77
335	77
870	77
98	77
916	77
694	916
770	77
694	770
538	77
754	77
869	77
699	77
946	77
682	77
920	77
696	77
910	77
84	77
380	77
376	77
907	77
333	77
703	77
908	77
169	77
59	77
911	77
617	77
900	77
315	77
229	77
296	77
614	524
132	614
96	132
918	524
256	524
178	524
742	178
1070	178
556	178
1072	178
618	178
172	178
547	178
971	178
170	178
150	178
1152	524
629	1152
744	1152
557	1152
743	1152
1068	1152
198	1152
1014	1152
555	1152
238	1152
1090	1152
423	1152
162	1152
1045	1152
392	1152
901	1152
320	1152
542	524
629	542
744	542
557	542
743	542
1068	542
198	542
1014	542
555	542
238	542
1090	542
423	542
162	542
1045	542
392	542
901	542
320	542
891	524
44	524
254	524
963	524
165	524
1164	524
561	1164
420	1164
112	1164
264	1164
1016	1164
624	524
561	624
420	624
112	624
264	624
1016	624
273	524
1133	524
512	524
679	512
676	524
1116	676
652	676
377	524
968	524
1172	524
192	1172
53	192
479	1172
647	1172
245	1172
278	524
192	278
53	192
479	278
647	278
245	278
351	524
609	524
1155	524
935	524
476	524
885	524
442	524
886	524
76	524
182	524
751	182
186	182
45	182
493	524
554	524
1004	554
580	554
709	554
1171	554
921	524
1004	921
580	921
709	921
1171	921
213	524
466	213
945	213
1089	213
630	213
984	524
466	984
945	984
1089	984
630	984
1096	524
527	524
424	524
543	524
106	524
336	524
707	524
502	524
152	524
535	524
978	524
159	524
928	524
398	524
263	524
1147	524
61	524
66	524
513	524
460	524
996	524
1029	524
721	524
1024	524
559	524
1043	524
58	524
710	524
353	710
440	524
1081	524
378	524
949	524
138	524
979	524
568	524
594	524
1001	524
590	524
430	524
1062	524
385	524
140	524
1178	842
1088	1178
1025	1088
529	1088
772	1088
469	772
534	772
981	772
1010	772
625	772
1097	772
537	772
660	772
1138	772
1042	1088
469	1042
534	1042
981	1042
1010	1042
625	1042
1097	1042
537	1042
660	1042
1138	1042
474	1088
889	474
470	474
372	474
330	372
1160	372
176	474
635	474
956	474
91	474
1030	1088
1093	1030
34	1030
749	1030
32	1088
1093	32
34	32
749	32
359	1088
188	1088
863	1088
516	1088
1038	1088
275	1088
626	1088
193	1088
228	1088
71	1178
1025	71
529	71
772	71
469	772
534	772
981	772
1010	772
625	772
1097	772
537	772
660	772
1138	772
1042	71
469	1042
534	1042
981	1042
1010	1042
625	1042
1097	1042
537	1042
660	1042
1138	1042
474	71
889	474
470	474
372	474
330	372
1160	372
176	474
635	474
956	474
91	474
1030	71
1093	1030
34	1030
749	1030
32	71
1093	32
34	32
749	32
359	71
188	71
863	71
516	71
1038	71
275	71
626	71
193	71
228	71
77	1178
924	77
143	924
325	77
143	325
47	77
143	47
225	77
653	77
1169	77
766	77
667	766
217	766
362	766
888	766
641	766
1071	766
642	766
496	766
1158	766
638	766
110	766
902	766
280	766
118	766
214	766
909	77
613	77
453	77
452	453
669	452
448	452
578	453
292	578
226	578
480	578
586	578
868	578
1046	453
292	1046
226	1046
480	1046
586	1046
868	1046
716	77
867	77
1134	77
276	77
124	77
43	124
146	77
349	77
102	77
1044	77
932	77
105	932
753	77
105	753
79	77
482	77
645	77
644	645
331	77
93	77
706	77
212	77
120	77
941	77
137	77
415	77
490	77
335	77
870	77
98	77
916	77
694	916
770	77
694	770
538	77
754	77
869	77
699	77
946	77
682	77
920	77
696	77
910	77
84	77
380	77
376	77
907	77
333	77
703	77
908	77
169	77
59	77
911	77
617	77
900	77
315	77
229	77
296	77
614	1178
132	614
96	132
918	1178
256	1178
178	1178
742	178
1070	178
556	178
1072	178
618	178
172	178
547	178
971	178
170	178
150	178
1152	1178
629	1152
744	1152
557	1152
743	1152
1068	1152
198	1152
1014	1152
555	1152
238	1152
1090	1152
423	1152
162	1152
1045	1152
392	1152
901	1152
320	1152
542	1178
629	542
744	542
557	542
743	542
1068	542
198	542
1014	542
555	542
238	542
1090	542
423	542
162	542
1045	542
392	542
901	542
320	542
891	1178
44	1178
254	1178
963	1178
165	1178
1164	1178
561	1164
420	1164
112	1164
264	1164
1016	1164
624	1178
561	624
420	624
112	624
264	624
1016	624
273	1178
1133	1178
512	1178
679	512
676	1178
1116	676
652	676
377	1178
968	1178
1172	1178
192	1172
53	192
479	1172
647	1172
245	1172
278	1178
192	278
53	192
479	278
647	278
245	278
351	1178
609	1178
1155	1178
935	1178
476	1178
885	1178
442	1178
886	1178
76	1178
182	1178
751	182
186	182
45	182
493	1178
554	1178
1004	554
580	554
709	554
1171	554
921	1178
1004	921
580	921
709	921
1171	921
213	1178
466	213
945	213
1089	213
630	213
984	1178
466	984
945	984
1089	984
630	984
1096	1178
527	1178
424	1178
543	1178
106	1178
336	1178
707	1178
502	1178
152	1178
535	1178
978	1178
159	1178
928	1178
398	1178
263	1178
1147	1178
61	1178
66	1178
513	1178
460	1178
996	1178
1029	1178
721	1178
1024	1178
559	1178
1043	1178
58	1178
710	1178
353	710
440	1178
1081	1178
378	1178
949	1178
138	1178
979	1178
568	1178
594	1178
1001	1178
590	1178
430	1178
1062	1178
385	1178
140	1178
852	842
1088	852
1025	1088
529	1088
772	1088
469	772
534	772
981	772
1010	772
625	772
1097	772
537	772
660	772
1138	772
1042	1088
469	1042
534	1042
981	1042
1010	1042
625	1042
1097	1042
537	1042
660	1042
1138	1042
474	1088
889	474
470	474
372	474
330	372
1160	372
176	474
635	474
956	474
91	474
1030	1088
1093	1030
34	1030
749	1030
32	1088
1093	32
34	32
749	32
359	1088
188	1088
863	1088
516	1088
1038	1088
275	1088
626	1088
193	1088
228	1088
71	852
1025	71
529	71
772	71
469	772
534	772
981	772
1010	772
625	772
1097	772
537	772
660	772
1138	772
1042	71
469	1042
534	1042
981	1042
1010	1042
625	1042
1097	1042
537	1042
660	1042
1138	1042
474	71
889	474
470	474
372	474
330	372
1160	372
176	474
635	474
956	474
91	474
1030	71
1093	1030
34	1030
749	1030
32	71
1093	32
34	32
749	32
359	71
188	71
863	71
516	71
1038	71
275	71
626	71
193	71
228	71
77	852
924	77
143	924
325	77
143	325
47	77
143	47
225	77
653	77
1169	77
766	77
667	766
217	766
362	766
888	766
641	766
1071	766
642	766
496	766
1158	766
638	766
110	766
902	766
280	766
118	766
214	766
909	77
613	77
453	77
452	453
669	452
448	452
578	453
292	578
226	578
480	578
586	578
868	578
1046	453
292	1046
226	1046
480	1046
586	1046
868	1046
716	77
867	77
1134	77
276	77
124	77
43	124
146	77
349	77
102	77
1044	77
932	77
105	932
753	77
105	753
79	77
482	77
645	77
644	645
331	77
93	77
706	77
212	77
120	77
941	77
137	77
415	77
490	77
335	77
870	77
98	77
916	77
694	916
770	77
694	770
538	77
754	77
869	77
699	77
946	77
682	77
920	77
696	77
910	77
84	77
380	77
376	77
907	77
333	77
703	77
908	77
169	77
59	77
911	77
617	77
900	77
315	77
229	77
296	77
614	852
132	614
96	132
918	852
256	852
178	852
742	178
1070	178
556	178
1072	178
618	178
172	178
547	178
971	178
170	178
150	178
1152	852
629	1152
744	1152
557	1152
743	1152
1068	1152
198	1152
1014	1152
555	1152
238	1152
1090	1152
423	1152
162	1152
1045	1152
392	1152
901	1152
320	1152
542	852
629	542
744	542
557	542
743	542
1068	542
198	542
1014	542
555	542
238	542
1090	542
423	542
162	542
1045	542
392	542
901	542
320	542
891	852
44	852
254	852
963	852
165	852
1164	852
561	1164
420	1164
112	1164
264	1164
1016	1164
624	852
561	624
420	624
112	624
264	624
1016	624
273	852
1133	852
512	852
679	512
676	852
1116	676
652	676
377	852
968	852
1172	852
192	1172
53	192
479	1172
647	1172
245	1172
278	852
192	278
53	192
479	278
647	278
245	278
351	852
609	852
1155	852
935	852
476	852
885	852
442	852
886	852
76	852
182	852
751	182
186	182
45	182
493	852
554	852
1004	554
580	554
709	554
1171	554
921	852
1004	921
580	921
709	921
1171	921
213	852
466	213
945	213
1089	213
630	213
984	852
466	984
945	984
1089	984
630	984
1096	852
527	852
424	852
543	852
106	852
336	852
707	852
502	852
152	852
535	852
978	852
159	852
928	852
398	852
263	852
1147	852
61	852
66	852
513	852
460	852
996	852
1029	852
721	852
1024	852
559	852
1043	852
58	852
710	852
353	710
440	852
1081	852
378	852
949	852
138	852
979	852
568	852
594	852
1001	852
590	852
430	852
1062	852
385	852
140	852
1156	842
912	1156
494	1156
272	842
912	272
494	272
260	842
1015	842
960	842
234	842
855	35
1113	855
123	1113
82	1113
579	1113
314	1113
361	1113
872	1113
616	1113
279	1113
87	1113
127	1113
451	1113
101	1113
715	1113
1119	1113
97	1113
218	1113
752	1113
544	1113
650	1113
656	1113
438	1113
379	1113
746	1113
368	1113
515	1113
142	1113
293	1113
332	1113
46	1113
222	1113
668	1113
210	1113
675	855
123	675
82	675
579	675
314	675
361	675
872	675
616	675
279	675
87	675
127	675
451	675
101	675
715	675
1119	675
97	675
218	675
752	675
544	675
650	675
656	675
438	675
379	675
746	675
368	675
515	675
142	675
293	675
332	675
46	675
222	675
668	675
210	675
834	855
648	834
485	648
211	834
144	834
100	834
48	834
294	834
224	834
103	834
615	834
865	834
334	834
670	834
83	834
345	834
1080	834
678	855
648	678
485	648
211	678
144	678
100	678
48	678
294	678
224	678
103	678
615	678
865	678
334	678
670	678
83	678
345	678
1080	678
134	855
837	134
713	134
925	134
133	134
582	134
825	134
934	855
837	934
713	934
925	934
133	934
582	934
825	934
805	855
622	805
1051	805
828	805
737	805
800	805
1052	805
185	805
255	855
622	255
1051	255
828	255
737	255
800	255
1052	255
185	255
432	855
955	855
195	855
139	195
571	195
938	195
765	195
130	195
157	195
795	195
95	195
961	195
588	195
1111	195
384	195
38	195
1083	195
306	855
541	855
1127	855
328	855
982	328
94	328
189	328
570	855
1104	855
718	855
520	855
1041	855
495	855
589	495
947	855
589	947
730	855
959	855
878	855
388	855
620	855
596	855
180	596
261	855
317	855
1022	855
1073	35
1113	1073
123	1113
82	1113
579	1113
314	1113
361	1113
872	1113
616	1113
279	1113
87	1113
127	1113
451	1113
101	1113
715	1113
1119	1113
97	1113
218	1113
752	1113
544	1113
650	1113
656	1113
438	1113
379	1113
746	1113
368	1113
515	1113
142	1113
293	1113
332	1113
46	1113
222	1113
668	1113
210	1113
675	1073
123	675
82	675
579	675
314	675
361	675
872	675
616	675
279	675
87	675
127	675
451	675
101	675
715	675
1119	675
97	675
218	675
752	675
544	675
650	675
656	675
438	675
379	675
746	675
368	675
515	675
142	675
293	675
332	675
46	675
222	675
668	675
210	675
834	1073
648	834
485	648
211	834
144	834
100	834
48	834
294	834
224	834
103	834
615	834
865	834
334	834
670	834
83	834
345	834
1080	834
678	1073
648	678
485	648
211	678
144	678
100	678
48	678
294	678
224	678
103	678
615	678
865	678
334	678
670	678
83	678
345	678
1080	678
134	1073
837	134
713	134
925	134
133	134
582	134
825	134
934	1073
837	934
713	934
925	934
133	934
582	934
825	934
805	1073
622	805
1051	805
828	805
737	805
800	805
1052	805
185	805
255	1073
622	255
1051	255
828	255
737	255
800	255
1052	255
185	255
432	1073
955	1073
195	1073
139	195
571	195
938	195
765	195
130	195
157	195
795	195
95	195
961	195
588	195
1111	195
384	195
38	195
1083	195
306	1073
541	1073
1127	1073
328	1073
982	328
94	328
189	328
570	1073
1104	1073
718	1073
520	1073
1041	1073
495	1073
589	495
947	1073
589	947
730	1073
959	1073
878	1073
388	1073
620	1073
596	1073
180	596
261	1073
317	1073
1022	1073
819	35
1113	819
123	1113
82	1113
579	1113
314	1113
361	1113
872	1113
616	1113
279	1113
87	1113
127	1113
451	1113
101	1113
715	1113
1119	1113
97	1113
218	1113
752	1113
544	1113
650	1113
656	1113
438	1113
379	1113
746	1113
368	1113
515	1113
142	1113
293	1113
332	1113
46	1113
222	1113
668	1113
210	1113
675	819
123	675
82	675
579	675
314	675
361	675
872	675
616	675
279	675
87	675
127	675
451	675
101	675
715	675
1119	675
97	675
218	675
752	675
544	675
650	675
656	675
438	675
379	675
746	675
368	675
515	675
142	675
293	675
332	675
46	675
222	675
668	675
210	675
834	819
648	834
485	648
211	834
144	834
100	834
48	834
294	834
224	834
103	834
615	834
865	834
334	834
670	834
83	834
345	834
1080	834
678	819
648	678
485	648
211	678
144	678
100	678
48	678
294	678
224	678
103	678
615	678
865	678
334	678
670	678
83	678
345	678
1080	678
134	819
837	134
713	134
925	134
133	134
582	134
825	134
934	819
837	934
713	934
925	934
133	934
582	934
825	934
805	819
622	805
1051	805
828	805
737	805
800	805
1052	805
185	805
255	819
622	255
1051	255
828	255
737	255
800	255
1052	255
185	255
432	819
955	819
195	819
139	195
571	195
938	195
765	195
130	195
157	195
795	195
95	195
961	195
588	195
1111	195
384	195
38	195
1083	195
306	819
541	819
1127	819
328	819
982	328
94	328
189	328
570	819
1104	819
718	819
520	819
1041	819
495	819
589	495
947	819
589	947
730	819
959	819
878	819
388	819
620	819
596	819
180	596
261	819
317	819
1022	819
511	35
1113	511
123	1113
82	1113
579	1113
314	1113
361	1113
872	1113
616	1113
279	1113
87	1113
127	1113
451	1113
101	1113
715	1113
1119	1113
97	1113
218	1113
752	1113
544	1113
650	1113
656	1113
438	1113
379	1113
746	1113
368	1113
515	1113
142	1113
293	1113
332	1113
46	1113
222	1113
668	1113
210	1113
675	511
123	675
82	675
579	675
314	675
361	675
872	675
616	675
279	675
87	675
127	675
451	675
101	675
715	675
1119	675
97	675
218	675
752	675
544	675
650	675
656	675
438	675
379	675
746	675
368	675
515	675
142	675
293	675
332	675
46	675
222	675
668	675
210	675
834	511
648	834
485	648
211	834
144	834
100	834
48	834
294	834
224	834
103	834
615	834
865	834
334	834
670	834
83	834
345	834
1080	834
678	511
648	678
485	648
211	678
144	678
100	678
48	678
294	678
224	678
103	678
615	678
865	678
334	678
670	678
83	678
345	678
1080	678
134	511
837	134
713	134
925	134
133	134
582	134
825	134
934	511
837	934
713	934
925	934
133	934
582	934
825	934
805	511
622	805
1051	805
828	805
737	805
800	805
1052	805
185	805
255	511
622	255
1051	255
828	255
737	255
800	255
1052	255
185	255
432	511
955	511
195	511
139	195
571	195
938	195
765	195
130	195
157	195
795	195
95	195
961	195
588	195
1111	195
384	195
38	195
1083	195
306	511
541	511
1127	511
328	511
982	328
94	328
189	328
570	511
1104	511
718	511
520	511
1041	511
495	511
589	495
947	511
589	947
730	511
959	511
878	511
388	511
620	511
596	511
180	596
261	511
317	511
1022	511
1099	35
1088	1099
1025	1088
529	1088
772	1088
469	772
534	772
981	772
1010	772
625	772
1097	772
537	772
660	772
1138	772
1042	1088
469	1042
534	1042
981	1042
1010	1042
625	1042
1097	1042
537	1042
660	1042
1138	1042
474	1088
889	474
470	474
372	474
330	372
1160	372
176	474
635	474
956	474
91	474
1030	1088
1093	1030
34	1030
749	1030
32	1088
1093	32
34	32
749	32
359	1088
188	1088
863	1088
516	1088
1038	1088
275	1088
626	1088
193	1088
228	1088
71	1099
1025	71
529	71
772	71
469	772
534	772
981	772
1010	772
625	772
1097	772
537	772
660	772
1138	772
1042	71
469	1042
534	1042
981	1042
1010	1042
625	1042
1097	1042
537	1042
660	1042
1138	1042
474	71
889	474
470	474
372	474
330	372
1160	372
176	474
635	474
956	474
91	474
1030	71
1093	1030
34	1030
749	1030
32	71
1093	32
34	32
749	32
359	71
188	71
863	71
516	71
1038	71
275	71
626	71
193	71
228	71
77	1099
924	77
143	924
325	77
143	325
47	77
143	47
225	77
653	77
1169	77
766	77
667	766
217	766
362	766
888	766
641	766
1071	766
642	766
496	766
1158	766
638	766
110	766
902	766
280	766
118	766
214	766
909	77
613	77
453	77
452	453
669	452
448	452
578	453
292	578
226	578
480	578
586	578
868	578
1046	453
292	1046
226	1046
480	1046
586	1046
868	1046
716	77
867	77
1134	77
276	77
124	77
43	124
146	77
349	77
102	77
1044	77
932	77
105	932
753	77
105	753
79	77
482	77
645	77
644	645
331	77
93	77
706	77
212	77
120	77
941	77
137	77
415	77
490	77
335	77
870	77
98	77
916	77
694	916
770	77
694	770
538	77
754	77
869	77
699	77
946	77
682	77
920	77
696	77
910	77
84	77
380	77
376	77
907	77
333	77
703	77
908	77
169	77
59	77
911	77
617	77
900	77
315	77
229	77
296	77
614	1099
132	614
96	132
918	1099
256	1099
178	1099
742	178
1070	178
556	178
1072	178
618	178
172	178
547	178
971	178
170	178
150	178
1152	1099
629	1152
744	1152
557	1152
743	1152
1068	1152
198	1152
1014	1152
555	1152
238	1152
1090	1152
423	1152
162	1152
1045	1152
392	1152
901	1152
320	1152
542	1099
629	542
744	542
557	542
743	542
1068	542
198	542
1014	542
555	542
238	542
1090	542
423	542
162	542
1045	542
392	542
901	542
320	542
891	1099
44	1099
254	1099
963	1099
165	1099
1164	1099
561	1164
420	1164
112	1164
264	1164
1016	1164
624	1099
561	624
420	624
112	624
264	624
1016	624
273	1099
1133	1099
512	1099
679	512
676	1099
1116	676
652	676
377	1099
968	1099
1172	1099
192	1172
53	192
479	1172
647	1172
245	1172
278	1099
192	278
53	192
479	278
647	278
245	278
351	1099
609	1099
1155	1099
935	1099
476	1099
885	1099
442	1099
886	1099
76	1099
182	1099
751	182
186	182
45	182
493	1099
554	1099
1004	554
580	554
709	554
1171	554
921	1099
1004	921
580	921
709	921
1171	921
213	1099
466	213
945	213
1089	213
630	213
984	1099
466	984
945	984
1089	984
630	984
1096	1099
527	1099
424	1099
543	1099
106	1099
336	1099
707	1099
502	1099
152	1099
535	1099
978	1099
159	1099
928	1099
398	1099
263	1099
1147	1099
61	1099
66	1099
513	1099
460	1099
996	1099
1029	1099
721	1099
1024	1099
559	1099
1043	1099
58	1099
710	1099
353	710
440	1099
1081	1099
378	1099
949	1099
138	1099
979	1099
568	1099
594	1099
1001	1099
590	1099
430	1099
1062	1099
385	1099
140	1099
822	35
1088	822
1025	1088
529	1088
772	1088
469	772
534	772
981	772
1010	772
625	772
1097	772
537	772
660	772
1138	772
1042	1088
469	1042
534	1042
981	1042
1010	1042
625	1042
1097	1042
537	1042
660	1042
1138	1042
474	1088
889	474
470	474
372	474
330	372
1160	372
176	474
635	474
956	474
91	474
1030	1088
1093	1030
34	1030
749	1030
32	1088
1093	32
34	32
749	32
359	1088
188	1088
863	1088
516	1088
1038	1088
275	1088
626	1088
193	1088
228	1088
71	822
1025	71
529	71
772	71
469	772
534	772
981	772
1010	772
625	772
1097	772
537	772
660	772
1138	772
1042	71
469	1042
534	1042
981	1042
1010	1042
625	1042
1097	1042
537	1042
660	1042
1138	1042
474	71
889	474
470	474
372	474
330	372
1160	372
176	474
635	474
956	474
91	474
1030	71
1093	1030
34	1030
749	1030
32	71
1093	32
34	32
749	32
359	71
188	71
863	71
516	71
1038	71
275	71
626	71
193	71
228	71
77	822
924	77
143	924
325	77
143	325
47	77
143	47
225	77
653	77
1169	77
766	77
667	766
217	766
362	766
888	766
641	766
1071	766
642	766
496	766
1158	766
638	766
110	766
902	766
280	766
118	766
214	766
909	77
613	77
453	77
452	453
669	452
448	452
578	453
292	578
226	578
480	578
586	578
868	578
1046	453
292	1046
226	1046
480	1046
586	1046
868	1046
716	77
867	77
1134	77
276	77
124	77
43	124
146	77
349	77
102	77
1044	77
932	77
105	932
753	77
105	753
79	77
482	77
645	77
644	645
331	77
93	77
706	77
212	77
120	77
941	77
137	77
415	77
490	77
335	77
870	77
98	77
916	77
694	916
770	77
694	770
538	77
754	77
869	77
699	77
946	77
682	77
920	77
696	77
910	77
84	77
380	77
376	77
907	77
333	77
703	77
908	77
169	77
59	77
911	77
617	77
900	77
315	77
229	77
296	77
614	822
132	614
96	132
918	822
256	822
178	822
742	178
1070	178
556	178
1072	178
618	178
172	178
547	178
971	178
170	178
150	178
1152	822
629	1152
744	1152
557	1152
743	1152
1068	1152
198	1152
1014	1152
555	1152
238	1152
1090	1152
423	1152
162	1152
1045	1152
392	1152
901	1152
320	1152
542	822
629	542
744	542
557	542
743	542
1068	542
198	542
1014	542
555	542
238	542
1090	542
423	542
162	542
1045	542
392	542
901	542
320	542
891	822
44	822
254	822
963	822
165	822
1164	822
561	1164
420	1164
112	1164
264	1164
1016	1164
624	822
561	624
420	624
112	624
264	624
1016	624
273	822
1133	822
512	822
679	512
676	822
1116	676
652	676
377	822
968	822
1172	822
192	1172
53	192
479	1172
647	1172
245	1172
278	822
192	278
53	192
479	278
647	278
245	278
351	822
609	822
1155	822
935	822
476	822
885	822
442	822
886	822
76	822
182	822
751	182
186	182
45	182
493	822
554	822
1004	554
580	554
709	554
1171	554
921	822
1004	921
580	921
709	921
1171	921
213	822
466	213
945	213
1089	213
630	213
984	822
466	984
945	984
1089	984
630	984
1096	822
527	822
424	822
543	822
106	822
336	822
707	822
502	822
152	822
535	822
978	822
159	822
928	822
398	822
263	822
1147	822
61	822
66	822
513	822
460	822
996	822
1029	822
721	822
1024	822
559	822
1043	822
58	822
710	822
353	710
440	822
1081	822
378	822
949	822
138	822
979	822
568	822
594	822
1001	822
590	822
430	822
1062	822
385	822
140	822
983	35
1088	983
1025	1088
529	1088
772	1088
469	772
534	772
981	772
1010	772
625	772
1097	772
537	772
660	772
1138	772
1042	1088
469	1042
534	1042
981	1042
1010	1042
625	1042
1097	1042
537	1042
660	1042
1138	1042
474	1088
889	474
470	474
372	474
330	372
1160	372
176	474
635	474
956	474
91	474
1030	1088
1093	1030
34	1030
749	1030
32	1088
1093	32
34	32
749	32
359	1088
188	1088
863	1088
516	1088
1038	1088
275	1088
626	1088
193	1088
228	1088
71	983
1025	71
529	71
772	71
469	772
534	772
981	772
1010	772
625	772
1097	772
537	772
660	772
1138	772
1042	71
469	1042
534	1042
981	1042
1010	1042
625	1042
1097	1042
537	1042
660	1042
1138	1042
474	71
889	474
470	474
372	474
330	372
1160	372
176	474
635	474
956	474
91	474
1030	71
1093	1030
34	1030
749	1030
32	71
1093	32
34	32
749	32
359	71
188	71
863	71
516	71
1038	71
275	71
626	71
193	71
228	71
77	983
924	77
143	924
325	77
143	325
47	77
143	47
225	77
653	77
1169	77
766	77
667	766
217	766
362	766
888	766
641	766
1071	766
642	766
496	766
1158	766
638	766
110	766
902	766
280	766
118	766
214	766
909	77
613	77
453	77
452	453
669	452
448	452
578	453
292	578
226	578
480	578
586	578
868	578
1046	453
292	1046
226	1046
480	1046
586	1046
868	1046
716	77
867	77
1134	77
276	77
124	77
43	124
146	77
349	77
102	77
1044	77
932	77
105	932
753	77
105	753
79	77
482	77
645	77
644	645
331	77
93	77
706	77
212	77
120	77
941	77
137	77
415	77
490	77
335	77
870	77
98	77
916	77
694	916
770	77
694	770
538	77
754	77
869	77
699	77
946	77
682	77
920	77
696	77
910	77
84	77
380	77
376	77
907	77
333	77
703	77
908	77
169	77
59	77
911	77
617	77
900	77
315	77
229	77
296	77
614	983
132	614
96	132
918	983
256	983
178	983
742	178
1070	178
556	178
1072	178
618	178
172	178
547	178
971	178
170	178
150	178
1152	983
629	1152
744	1152
557	1152
743	1152
1068	1152
198	1152
1014	1152
555	1152
238	1152
1090	1152
423	1152
162	1152
1045	1152
392	1152
901	1152
320	1152
542	983
629	542
744	542
557	542
743	542
1068	542
198	542
1014	542
555	542
238	542
1090	542
423	542
162	542
1045	542
392	542
901	542
320	542
891	983
44	983
254	983
963	983
165	983
1164	983
561	1164
420	1164
112	1164
264	1164
1016	1164
624	983
561	624
420	624
112	624
264	624
1016	624
273	983
1133	983
512	983
679	512
676	983
1116	676
652	676
377	983
968	983
1172	983
192	1172
53	192
479	1172
647	1172
245	1172
278	983
192	278
53	192
479	278
647	278
245	278
351	983
609	983
1155	983
935	983
476	983
885	983
442	983
886	983
76	983
182	983
751	182
186	182
45	182
493	983
554	983
1004	554
580	554
709	554
1171	554
921	983
1004	921
580	921
709	921
1171	921
213	983
466	213
945	213
1089	213
630	213
984	983
466	984
945	984
1089	984
630	984
1096	983
527	983
424	983
543	983
106	983
336	983
707	983
502	983
152	983
535	983
978	983
159	983
928	983
398	983
263	983
1147	983
61	983
66	983
513	983
460	983
996	983
1029	983
721	983
1024	983
559	983
1043	983
58	983
710	983
353	710
440	983
1081	983
378	983
949	983
138	983
979	983
568	983
594	983
1001	983
590	983
430	983
1062	983
385	983
140	983
524	35
1088	524
1025	1088
529	1088
772	1088
469	772
534	772
981	772
1010	772
625	772
1097	772
537	772
660	772
1138	772
1042	1088
469	1042
534	1042
981	1042
1010	1042
625	1042
1097	1042
537	1042
660	1042
1138	1042
474	1088
889	474
470	474
372	474
330	372
1160	372
176	474
635	474
956	474
91	474
1030	1088
1093	1030
34	1030
749	1030
32	1088
1093	32
34	32
749	32
359	1088
188	1088
863	1088
516	1088
1038	1088
275	1088
626	1088
193	1088
228	1088
71	524
1025	71
529	71
772	71
469	772
534	772
981	772
1010	772
625	772
1097	772
537	772
660	772
1138	772
1042	71
469	1042
534	1042
981	1042
1010	1042
625	1042
1097	1042
537	1042
660	1042
1138	1042
474	71
889	474
470	474
372	474
330	372
1160	372
176	474
635	474
956	474
91	474
1030	71
1093	1030
34	1030
749	1030
32	71
1093	32
34	32
749	32
359	71
188	71
863	71
516	71
1038	71
275	71
626	71
193	71
228	71
77	524
924	77
143	924
325	77
143	325
47	77
143	47
225	77
653	77
1169	77
766	77
667	766
217	766
362	766
888	766
641	766
1071	766
642	766
496	766
1158	766
638	766
110	766
902	766
280	766
118	766
214	766
909	77
613	77
453	77
452	453
669	452
448	452
578	453
292	578
226	578
480	578
586	578
868	578
1046	453
292	1046
226	1046
480	1046
586	1046
868	1046
716	77
867	77
1134	77
276	77
124	77
43	124
146	77
349	77
102	77
1044	77
932	77
105	932
753	77
105	753
79	77
482	77
645	77
644	645
331	77
93	77
706	77
212	77
120	77
941	77
137	77
415	77
490	77
335	77
870	77
98	77
916	77
694	916
770	77
694	770
538	77
754	77
869	77
699	77
946	77
682	77
920	77
696	77
910	77
84	77
380	77
376	77
907	77
333	77
703	77
908	77
169	77
59	77
911	77
617	77
900	77
315	77
229	77
296	77
614	524
132	614
96	132
918	524
256	524
178	524
742	178
1070	178
556	178
1072	178
618	178
172	178
547	178
971	178
170	178
150	178
1152	524
629	1152
744	1152
557	1152
743	1152
1068	1152
198	1152
1014	1152
555	1152
238	1152
1090	1152
423	1152
162	1152
1045	1152
392	1152
901	1152
320	1152
542	524
629	542
744	542
557	542
743	542
1068	542
198	542
1014	542
555	542
238	542
1090	542
423	542
162	542
1045	542
392	542
901	542
320	542
891	524
44	524
254	524
963	524
165	524
1164	524
561	1164
420	1164
112	1164
264	1164
1016	1164
624	524
561	624
420	624
112	624
264	624
1016	624
273	524
1133	524
512	524
679	512
676	524
1116	676
652	676
377	524
968	524
1172	524
192	1172
53	192
479	1172
647	1172
245	1172
278	524
192	278
53	192
479	278
647	278
245	278
351	524
609	524
1155	524
935	524
476	524
885	524
442	524
886	524
76	524
182	524
751	182
186	182
45	182
493	524
554	524
1004	554
580	554
709	554
1171	554
921	524
1004	921
580	921
709	921
1171	921
213	524
466	213
945	213
1089	213
630	213
984	524
466	984
945	984
1089	984
630	984
1096	524
527	524
424	524
543	524
106	524
336	524
707	524
502	524
152	524
535	524
978	524
159	524
928	524
398	524
263	524
1147	524
61	524
66	524
513	524
460	524
996	524
1029	524
721	524
1024	524
559	524
1043	524
58	524
710	524
353	710
440	524
1081	524
378	524
949	524
138	524
979	524
568	524
594	524
1001	524
590	524
430	524
1062	524
385	524
140	524
1178	35
1088	1178
1025	1088
529	1088
772	1088
469	772
534	772
981	772
1010	772
625	772
1097	772
537	772
660	772
1138	772
1042	1088
469	1042
534	1042
981	1042
1010	1042
625	1042
1097	1042
537	1042
660	1042
1138	1042
474	1088
889	474
470	474
372	474
330	372
1160	372
176	474
635	474
956	474
91	474
1030	1088
1093	1030
34	1030
749	1030
32	1088
1093	32
34	32
749	32
359	1088
188	1088
863	1088
516	1088
1038	1088
275	1088
626	1088
193	1088
228	1088
71	1178
1025	71
529	71
772	71
469	772
534	772
981	772
1010	772
625	772
1097	772
537	772
660	772
1138	772
1042	71
469	1042
534	1042
981	1042
1010	1042
625	1042
1097	1042
537	1042
660	1042
1138	1042
474	71
889	474
470	474
372	474
330	372
1160	372
176	474
635	474
956	474
91	474
1030	71
1093	1030
34	1030
749	1030
32	71
1093	32
34	32
749	32
359	71
188	71
863	71
516	71
1038	71
275	71
626	71
193	71
228	71
77	1178
924	77
143	924
325	77
143	325
47	77
143	47
225	77
653	77
1169	77
766	77
667	766
217	766
362	766
888	766
641	766
1071	766
642	766
496	766
1158	766
638	766
110	766
902	766
280	766
118	766
214	766
909	77
613	77
453	77
452	453
669	452
448	452
578	453
292	578
226	578
480	578
586	578
868	578
1046	453
292	1046
226	1046
480	1046
586	1046
868	1046
716	77
867	77
1134	77
276	77
124	77
43	124
146	77
349	77
102	77
1044	77
932	77
105	932
753	77
105	753
79	77
482	77
645	77
644	645
331	77
93	77
706	77
212	77
120	77
941	77
137	77
415	77
490	77
335	77
870	77
98	77
916	77
694	916
770	77
694	770
538	77
754	77
869	77
699	77
946	77
682	77
920	77
696	77
910	77
84	77
380	77
376	77
907	77
333	77
703	77
908	77
169	77
59	77
911	77
617	77
900	77
315	77
229	77
296	77
614	1178
132	614
96	132
918	1178
256	1178
178	1178
742	178
1070	178
556	178
1072	178
618	178
172	178
547	178
971	178
170	178
150	178
1152	1178
629	1152
744	1152
557	1152
743	1152
1068	1152
198	1152
1014	1152
555	1152
238	1152
1090	1152
423	1152
162	1152
1045	1152
392	1152
901	1152
320	1152
542	1178
629	542
744	542
557	542
743	542
1068	542
198	542
1014	542
555	542
238	542
1090	542
423	542
162	542
1045	542
392	542
901	542
320	542
891	1178
44	1178
254	1178
963	1178
165	1178
1164	1178
561	1164
420	1164
112	1164
264	1164
1016	1164
624	1178
561	624
420	624
112	624
264	624
1016	624
273	1178
1133	1178
512	1178
679	512
676	1178
1116	676
652	676
377	1178
968	1178
1172	1178
192	1172
53	192
479	1172
647	1172
245	1172
278	1178
192	278
53	192
479	278
647	278
245	278
351	1178
609	1178
1155	1178
935	1178
476	1178
885	1178
442	1178
886	1178
76	1178
182	1178
751	182
186	182
45	182
493	1178
554	1178
1004	554
580	554
709	554
1171	554
921	1178
1004	921
580	921
709	921
1171	921
213	1178
466	213
945	213
1089	213
630	213
984	1178
466	984
945	984
1089	984
630	984
1096	1178
527	1178
424	1178
543	1178
106	1178
336	1178
707	1178
502	1178
152	1178
535	1178
978	1178
159	1178
928	1178
398	1178
263	1178
1147	1178
61	1178
66	1178
513	1178
460	1178
996	1178
1029	1178
721	1178
1024	1178
559	1178
1043	1178
58	1178
710	1178
353	710
440	1178
1081	1178
378	1178
949	1178
138	1178
979	1178
568	1178
594	1178
1001	1178
590	1178
430	1178
1062	1178
385	1178
140	1178
852	35
1088	852
1025	1088
529	1088
772	1088
469	772
534	772
981	772
1010	772
625	772
1097	772
537	772
660	772
1138	772
1042	1088
469	1042
534	1042
981	1042
1010	1042
625	1042
1097	1042
537	1042
660	1042
1138	1042
474	1088
889	474
470	474
372	474
330	372
1160	372
176	474
635	474
956	474
91	474
1030	1088
1093	1030
34	1030
749	1030
32	1088
1093	32
34	32
749	32
359	1088
188	1088
863	1088
516	1088
1038	1088
275	1088
626	1088
193	1088
228	1088
71	852
1025	71
529	71
772	71
469	772
534	772
981	772
1010	772
625	772
1097	772
537	772
660	772
1138	772
1042	71
469	1042
534	1042
981	1042
1010	1042
625	1042
1097	1042
537	1042
660	1042
1138	1042
474	71
889	474
470	474
372	474
330	372
1160	372
176	474
635	474
956	474
91	474
1030	71
1093	1030
34	1030
749	1030
32	71
1093	32
34	32
749	32
359	71
188	71
863	71
516	71
1038	71
275	71
626	71
193	71
228	71
77	852
924	77
143	924
325	77
143	325
47	77
143	47
225	77
653	77
1169	77
766	77
667	766
217	766
362	766
888	766
641	766
1071	766
642	766
496	766
1158	766
638	766
110	766
902	766
280	766
118	766
214	766
909	77
613	77
453	77
452	453
669	452
448	452
578	453
292	578
226	578
480	578
586	578
868	578
1046	453
292	1046
226	1046
480	1046
586	1046
868	1046
716	77
867	77
1134	77
276	77
124	77
43	124
146	77
349	77
102	77
1044	77
932	77
105	932
753	77
105	753
79	77
482	77
645	77
644	645
331	77
93	77
706	77
212	77
120	77
941	77
137	77
415	77
490	77
335	77
870	77
98	77
916	77
694	916
770	77
694	770
538	77
754	77
869	77
699	77
946	77
682	77
920	77
696	77
910	77
84	77
380	77
376	77
907	77
333	77
703	77
908	77
169	77
59	77
911	77
617	77
900	77
315	77
229	77
296	77
614	852
132	614
96	132
918	852
256	852
178	852
742	178
1070	178
556	178
1072	178
618	178
172	178
547	178
971	178
170	178
150	178
1152	852
629	1152
744	1152
557	1152
743	1152
1068	1152
198	1152
1014	1152
555	1152
238	1152
1090	1152
423	1152
162	1152
1045	1152
392	1152
901	1152
320	1152
542	852
629	542
744	542
557	542
743	542
1068	542
198	542
1014	542
555	542
238	542
1090	542
423	542
162	542
1045	542
392	542
901	542
320	542
891	852
44	852
254	852
963	852
165	852
1164	852
561	1164
420	1164
112	1164
264	1164
1016	1164
624	852
561	624
420	624
112	624
264	624
1016	624
273	852
1133	852
512	852
679	512
676	852
1116	676
652	676
377	852
968	852
1172	852
192	1172
53	192
479	1172
647	1172
245	1172
278	852
192	278
53	192
479	278
647	278
245	278
351	852
609	852
1155	852
935	852
476	852
885	852
442	852
886	852
76	852
182	852
751	182
186	182
45	182
493	852
554	852
1004	554
580	554
709	554
1171	554
921	852
1004	921
580	921
709	921
1171	921
213	852
466	213
945	213
1089	213
630	213
984	852
466	984
945	984
1089	984
630	984
1096	852
527	852
424	852
543	852
106	852
336	852
707	852
502	852
152	852
535	852
978	852
159	852
928	852
398	852
263	852
1147	852
61	852
66	852
513	852
460	852
996	852
1029	852
721	852
1024	852
559	852
1043	852
58	852
710	852
353	710
440	852
1081	852
378	852
949	852
138	852
979	852
568	852
594	852
1001	852
590	852
430	852
1062	852
385	852
140	852
1156	35
912	1156
494	1156
272	35
912	272
494	272
260	35
1015	35
960	35
234	35
37	847
987	37
1118	987
329	987
926	987
510	987
371	37
1118	371
329	371
926	371
510	371
428	37
759	37
1128	37
433	847
987	433
1118	987
329	987
926	987
510	987
371	433
1118	371
329	371
926	371
510	371
428	433
759	433
1128	433
824	847
987	824
1118	987
329	987
926	987
510	987
371	824
1118	371
329	371
926	371
510	371
428	824
759	824
1128	824
1168	847
987	1168
1118	987
329	987
926	987
510	987
371	1168
1118	371
329	371
926	371
510	371
428	1168
759	1168
1128	1168
883	847
987	883
1118	987
329	987
926	987
510	987
371	883
1118	371
329	371
926	371
510	371
428	883
759	883
1128	883
406	847
987	406
1118	987
329	987
926	987
510	987
371	406
1118	371
329	371
926	371
510	371
428	406
759	406
1128	406
882	847
987	882
1118	987
329	987
926	987
510	987
371	882
1118	371
329	371
926	371
510	371
428	882
759	882
1128	882
632	847
987	632
1118	987
329	987
926	987
510	987
371	632
1118	371
329	371
926	371
510	371
428	632
759	632
1128	632
88	847
987	88
1118	987
329	987
926	987
510	987
371	88
1118	371
329	371
926	371
510	371
428	88
759	88
1128	88
1059	847
665	847
507	847
205	507
463	507
266	507
1065	847
606	847
731	847
1162	847
1092	847
663	847
1002	847
664	847
450	847
1033	847
37	418
987	37
1118	987
329	987
926	987
510	987
371	37
1118	371
329	371
926	371
510	371
428	37
759	37
1128	37
433	418
987	433
1118	987
329	987
926	987
510	987
371	433
1118	371
329	371
926	371
510	371
428	433
759	433
1128	433
824	418
987	824
1118	987
329	987
926	987
510	987
371	824
1118	371
329	371
926	371
510	371
428	824
759	824
1128	824
1168	418
987	1168
1118	987
329	987
926	987
510	987
371	1168
1118	371
329	371
926	371
510	371
428	1168
759	1168
1128	1168
883	418
987	883
1118	987
329	987
926	987
510	987
371	883
1118	371
329	371
926	371
510	371
428	883
759	883
1128	883
406	418
987	406
1118	987
329	987
926	987
510	987
371	406
1118	371
329	371
926	371
510	371
428	406
759	406
1128	406
882	418
987	882
1118	987
329	987
926	987
510	987
371	882
1118	371
329	371
926	371
510	371
428	882
759	882
1128	882
632	418
987	632
1118	987
329	987
926	987
510	987
371	632
1118	371
329	371
926	371
510	371
428	632
759	632
1128	632
88	418
987	88
1118	987
329	987
926	987
510	987
371	88
1118	371
329	371
926	371
510	371
428	88
759	88
1128	88
1059	418
665	418
507	418
205	507
463	507
266	507
1065	418
606	418
731	418
1162	418
1092	418
663	418
1002	418
664	418
450	418
1033	418
655	270
674	655
771	674
726	674
903	726
717	726
767	726
930	726
316	726
654	726
1100	674
903	1100
717	1100
767	1100
930	1100
316	1100
654	1100
574	674
449	574
223	574
931	574
348	574
221	674
321	674
290	674
437	674
506	674
504	506
374	674
483	674
833	655
771	833
726	833
903	726
717	726
767	726
930	726
316	726
654	726
1100	833
903	1100
717	1100
767	1100
930	1100
316	1100
654	1100
574	833
449	574
223	574
931	574
348	574
221	833
321	833
290	833
437	833
506	833
504	506
374	833
483	833
1061	655
258	1061
257	655
258	257
429	655
471	655
284	471
986	471
807	655
284	807
986	807
1161	655
284	1161
986	1161
662	655
980	655
81	655
587	655
1007	655
422	655
204	655
196	270
201	196
1086	196
393	270
526	393
248	526
414	526
1157	526
232	526
115	526
486	270
1050	486
658	486
690	486
655	950
674	655
771	674
726	674
903	726
717	726
767	726
930	726
316	726
654	726
1100	674
903	1100
717	1100
767	1100
930	1100
316	1100
654	1100
574	674
449	574
223	574
931	574
348	574
221	674
321	674
290	674
437	674
506	674
504	506
374	674
483	674
833	655
771	833
726	833
903	726
717	726
767	726
930	726
316	726
654	726
1100	833
903	1100
717	1100
767	1100
930	1100
316	1100
654	1100
574	833
449	574
223	574
931	574
348	574
221	833
321	833
290	833
437	833
506	833
504	506
374	833
483	833
1061	655
258	1061
257	655
258	257
429	655
471	655
284	471
986	471
807	655
284	807
986	807
1161	655
284	1161
986	1161
662	655
980	655
81	655
587	655
1007	655
422	655
204	655
196	950
201	196
1086	196
393	950
526	393
248	526
414	526
1157	526
232	526
115	526
486	950
1050	486
658	486
690	486
655	806
674	655
771	674
726	674
903	726
717	726
767	726
930	726
316	726
654	726
1100	674
903	1100
717	1100
767	1100
930	1100
316	1100
654	1100
574	674
449	574
223	574
931	574
348	574
221	674
321	674
290	674
437	674
506	674
504	506
374	674
483	674
833	655
771	833
726	833
903	726
717	726
767	726
930	726
316	726
654	726
1100	833
903	1100
717	1100
767	1100
930	1100
316	1100
654	1100
574	833
449	574
223	574
931	574
348	574
221	833
321	833
290	833
437	833
506	833
504	506
374	833
483	833
1061	655
258	1061
257	655
258	257
429	655
471	655
284	471
986	471
807	655
284	807
986	807
1161	655
284	1161
986	1161
662	655
980	655
81	655
587	655
1007	655
422	655
204	655
196	806
201	196
1086	196
393	806
526	393
248	526
414	526
1157	526
232	526
115	526
486	806
1050	486
658	486
690	486
416	318
539	318
528	318
461	318
722	318
171	722
250	318
274	318
30	318
1126	318
363	318
840	318
948	318
705	318
704	318
846	318
1148	318
73	318
623	318
402	318
702	318
151	318
416	304
539	304
528	304
461	304
722	304
171	722
250	304
274	304
30	304
1126	304
363	304
840	304
948	304
705	304
704	304
846	304
1148	304
73	304
623	304
402	304
702	304
151	304
416	734
539	734
528	734
461	734
722	734
171	722
250	734
274	734
30	734
1126	734
363	734
840	734
948	734
705	734
704	734
846	734
1148	734
73	734
623	734
402	734
702	734
151	734
416	472
539	472
528	472
461	472
722	472
171	722
250	472
274	472
30	472
1126	472
363	472
840	472
948	472
705	472
704	472
846	472
1148	472
73	472
623	472
402	472
702	472
151	472
416	845
539	845
528	845
461	845
722	845
171	722
250	845
274	845
30	845
1126	845
363	845
840	845
948	845
705	845
704	845
846	845
1148	845
73	845
623	845
402	845
702	845
151	845
416	725
539	725
528	725
461	725
722	725
171	722
250	725
274	725
30	725
1126	725
363	725
840	725
948	725
705	725
704	725
846	725
1148	725
73	725
623	725
402	725
702	725
151	725
416	964
539	964
528	964
461	964
722	964
171	722
250	964
274	964
30	964
1126	964
363	964
840	964
948	964
705	964
704	964
846	964
1148	964
73	964
623	964
402	964
702	964
151	964
346	724
1110	724
927	724
774	724
857	724
305	724
1053	724
566	724
553	724
522	724
341	724
884	724
775	724
