672
12826 5420 194
11768 1871 277
11768 11929 232
1623 7012 248
12455 12110 277
2074 12141 50
10366 7700 27
3420 3413 277
5423 11513 256
8686 10798 122
5399 243 256
7338 7154 45
393 1395 122
5239 486 27
2668 2168 28
8224 8544 238
10339 11754 52
9298 6853 194
2425 3907 122
7364 7365 122
11579 11624 52
697 5951 52
3544 9272 248
9625 1870 248
10694 10681 277
7603 12326 256
10495 9322 52
3497 4021 94
5537 9271 248
9298 4292 256
10149 11894 32
2993 3030 50
7444 9833 183
12444 9950 122
722 5790 179
2089 3539 179
6624 7196 71
5679 4292 194
4623 5156 115
1304 10306 256
10380 10379 50
11859 6211 249
10437 1239 50
9218 11778 50
6961 4210 248
3754 1117 96
8157 8162 277
9686 9685 50
9808 9807 50
7847 12197 179
1250 5584 248
7653 1365 122
9902 9901 121
9771 12073 277
1977 5975 71
1063 2210 45
4479 1663 7
564 2309 179
9868 3306 27
1053 1052 197
7913 7354 256
5423 8897 148
525 3968 122
3697 1843 277
2340 2707 256
10283 8990 6
6117 5504 248
6617 4316 96
928 2900 86
3102 10612 45
11613 9354 248
11779 933 277
9750 4375 248
4515 4514 50
4619 8796 27
724 7965 71
2329 7528 248
11964 12073 277
314 12767 179
12073 9771 277
12521 8434 27
3678 6855 122
4604 1135 256
11037 5885 52
1170 1467 52
6797 352 52
7469 2382 161
10455 12706 232
3842 12620 248
8948 1291 27
6390 3062 92
11889 6725 27
3825 978 216
7646 12760 71
6655 2925 248
9746 6274 17
4526 2164 248
4223 3915 50
3571 7153 179
9116 3078 214
8697 10451 122
12011 6123 277
8807 3549 248
7971 432 27
2032 3609 6
6774 11235 197
953 935 96
10849 3969 122
1793 4639 50
1420 11902 181
828 8671 122
11860 6211 27
3774 2203 29
5130 21 172
12837 1468 179
993 12271 122
10448 3335 122
8326 8325 27
109 5553 45
1517 4353 58
10280 586 277
3484 4834 248
12151 8947 122
996 12271 27
12521 12236 27
2670 5216 247
3290 3288 17
5390 7538 6
2411 4557 96
6785 1177 27
12768 12767 86
9386 2803 256
713 713 32
1409 6406 28
9298 6853 256
4001 7366 248
4932 5567 161
12530 876 17
9415 8010 71
4501 5746 17
2481 1659 241
10881 11894 256
12626 1565 32
11366 5915 61
7798 4883 277
2285 1055 71
7460 2895 248
1884 4243 179
9507 9135 27
6676 11655 194
10478 9280 161
2238 2295 277
6785 7957 122
689 673 277
493 424 45
2744 10936 52
4028 11624 61
1095 1096 256
9555 2923 248
9047 2070 29
8742 1678 50
5613 12028 71
9861 11943 71
9534 5468 248
12755 12754 122
9092 12427 86
1110 5707 269
12620 3842 248
6580 6873 72
5066 7861 231
5738 4279 194
6056 12785 27
5088 8001 71
5583 2836 248
12327 290 256
10497 4210 17
2385 6490 179
994 12271 27
6569 5883 248
9514 6452 277
3131 292 248
7361 7750 277
6338 6339 27
2151 5400 52
3777 7700 96
1188 7739 27
11512 8467 248
5752 5751 277
3440 1528 71
7364 7365 27
5044 8663 71
384 9006 96
4800 12781 277
2886 5755 179
563 2878 248
1065 5587 248
10370 6933 27
4204 2900 86
11886 2122 86
11839 5305 96
169 8044 96
704 482 161
7634 7727 277
10461 1083 232
10440 7939 277
1141 7404 161
6062 1887 277
182 8044 96
6373 9920 50
7600 7599 50
528 8644 68
6607 8612 162
906 2145 209
12446 6418 277
8976 9777 27
9197 852 86
8892 12309 277
3421 6757 248
11957 1286 277
2447 1884 32
6125 11818 71
11438 11563 161
6252 3454 27
3509 3518 277
1712 9893 274
2965 7835 50
8281 7971 277
7310 7082 32
8344 2549 27
6070 6225 248
9177 2861 45
10519 1908 122
10332 7989 7
1560 5577 248
9251 7923 150
3014 3282 86
12501 12499 96
6241 6725 27
3119 7381 161
3121 1478 32
2771 9066 248
5124 9525 86
9679 9841 248
9051 1117 96
1657 1654 96
523 7971 277
4895 4894 277
10851 3451 52
12449 7971 277
3367 1346 45
1427 2100 52
1344 4884 248
5908 619 27
1573 8833 27
11545 4812 183
10999 12626 52
2415 7364 96
5274 2482 71
9534 4253 269
2591 2590 232
1811 10370 96
10785 6472 161
9846 6755 52
3060 1714 248
3760 3187 96
707 1772 248
1917 1742 86
7779 454 161
1738 8544 50
11349 7853 17
3433 9040 27
3361 4733 194
4883 10594 52
2134 5535 248
11666 5730 32
3132 12497 71
5235 9582 71
6040 328 203
4278 1110 256
2139 6052 45
9651 9875 248
2878 563 248
9121 314 248
3072 2567 122
11869 243 194
9830 1843 248
8629 12532 277
9051 10370 96
11943 831 277
3774 2202 29
5845 6144 248
8288 8288 273
1969 12636 248
6853 5770 194
8606 1697 71
2726 8044 249
5082 9582 71
3207 3713 183
9607 12440 49
7840 7971 277
7949 7948 50
11697 4578 194
4266 777 274
11393 6274 17
3374 6676 194
10557 733 248
12351 12290 52
6463 1706 179
2559 2027 274
884 10660 256
4137 4137 179
675 9826 248
9878 10068 17
11526 2683 277
4206 5757 32
4904 8935 277
3793 3792 50
7643 6196 50
10065 4770 161
11292 329 52
3436 8485 256
12838 4690 122
628 10602 248
429 11580 122
11841 810 96
8677 8676 277
8370 8737 96
2393 1480 172
11292 6917 197
590 9648 52
2886 1113 183
5757 4206 32
1371 2357 183
4733 11896 148
4105 7413 45
10075 10073 96
672 11869 256
5429 5827 256
9845 12290 52
98 5888 45
9512 9518 277
10344 4911 27
4782 3454 96
11929 11768 232
9808 9807 122
5139 1830 27
9765 12072 277
10437 1239 122
3131 5933 248
6914 8507 52
10322 1429 27
4128 2961 61
11881 8688 27
11879 3533 50
3078 7284 248
6861 5866 45
7947 6998 122
7007 9644 248
10258 5849 52
5707 3136 194
12193 12261 122
5850 5849 277
4019 2486 50
5639 8031 248
8664 8663 277
10517 10518 197
5160 790 45
11575 5553 248
1352 1352 277
334 7278 176
10087 872 52
11644 7971 277
2214 10046 122
7558 7557 122
8613 4861 71
12169 12169 86
426 653 122
11889 12150 6
7587 7653 237
11830 10938 277
3299 4570 52
10448 3335 50
2393 1347 52
8246 2463 148
3211 4609 6
8776 10982 86
11708 11707 96
8003 10440 122
4530 4561 6
1957 3079 248
4766 4888 122
6243 935 27
9853 9887 71
7152 5277 248
618 5520 248
4509 4508 96
3992 12324 186
2691 7365 96
2399 3982 32
5122 11596 87
6853 9298 194
11881 9386 256
9971 6065 277
5827 5429 194
3342 3340 96
8301 1429 27
3402 10408 27
5274 1386 71
7667 6848 277
12156 6168 92
3487 5987 248
3759 4287 96
9533 11661 277
1490 11894 174
8560 5789 161
1277 5738 10
8286 8285 277
4648 12640 17
12770 8851 50
5613 1055 71
10502 5612 45
4936 9507 277
8742 1678 122
4537 10117 14
3376 3377 254
10257 8046 52
10624 2618 28
4995 10390 161
11501 7511 52
1958 3987 32
11431 12514 277
5429 2556 148
7570 1473 86
12363 6725 27
781 709 6
10600 2937 248
4655 10416 122
6904 2168 28
12493 317 185
2605 12182 243
3840 9834 27
3678 9705 50
208 11624 61
7941 12657 50
10251 3722 122
5176 5174 277
6932 9945 248
7794 12326 194
7342 8628 232
4019 2486 122
11400 9485 161
9224 3326 27
169 1235 96
8133 4303 27
8311 11765 232
1801 5387 96
1094 11286 254
7038 6333 175
8158 8334 27
9971 12579 50
3096 3095 96
6158 3582 248
5618 9174 248
9938 8485 179
453 3691 71
6594 12379 86
7989 12499 27
3365 3952 183
1624 11661 248
10859 5421 52
8457 8465 50
3363 7126 40
5453 5472 179
10502 10494 197
575 10176 52
8284 10773 122
2416 7365 96
10043 10042 96
524 8544 277
5987 3487 248
7485 1870 50
5933 3131 248
1629 12081 71
4138 4138 23
6409 8544 277
3648 3580 32
4923 1962 248
6036 11580 96
9947 10259 45
11086 1792 45
1277 11513 256
1313 97 248
9112 3072 96
6429 3963 122
10405 10404 50
103 3097 122
11866 6256 122
10500 5612 45
2734 12442 96
4574 1110 61
3033 12702 161
1304 10306 256
6143 8365 179
5360 10905 277
8161 2536 277
2064 1715 96
12420 7685 161
8686 10798 50
11440 227 52
9657 9657 9
183 12206 52
1695 1619 277
2548 12237 17
6902 4616 96
8668 2777 52
9226 10221 27
3914 1615 52
2744 1458 52
12299 6704 32
483 11518 32
11966 1858 277
1053 5321 52
5738 5827 32
9386 2803 194
9352 8323 248
9389 2478 71
4719 6725 49
10059 9687 32
6478 12211 26
1522 9834 27
6023 3309 183
12784 9943 32
1958 10819 32
6232 9950 122
9890 7889 181
11924 11921 277
4860 12505 45
2836 5583 248
3984 5693 248
6861 4209 52
11086 1792 52
6659 2039 122
6803 4676 27
7603 11921 256
7727 7634 277
1691 1384 50
5313 7983 71
9852 138 248
6814 4261 86
6446 11976 71
630 12595 248
9318 3872 92
6373 9920 122
1267 5622 179
11520 2286 248
4639 8223 277
702 1367 248
638 5792 45
4798 5014 277
8544 8642 122
5545 6707 179
7153 2127 32
1320 228 52
1063 2210 73
9021 3481 256
10877 8476 161
3121 10690 32
1887 8341 27
6092 7206 183
3472 6756 248
4994 1986 52
5646 3988 14
8027 7066 248
4095 5316 52
3355 11134 27
7087 7068 277
12600 5375 248
7345 12760 183
1564 12534 96
12309 12310 122
9251 9565 153
3734 3584 232
12231 1764 122
9357 3677 152
8284 10773 50
9779 11763 96
11439 1473 86
6075 11844 40
9927 9927 277
12163 10854 122
6824 6824 9
8659 9034 122
12706 10455 232
11858 6211 27
4419 6092 32
383 3201 96
2369 12190 50
585 12395 45
2318 5942 52
6437 5904 248
7694 7696 50
9023 3338 96
4253 4278 32
2455 7825 122
11446 6076 32
2755 2753 50
170 8842 96
9906 2868 122
10284 7616 27
11613 9354 32
8598 1644 32
5229 5228 96
8026 11986 71
10502 10495 254
4765 4952 27
1041 12114 86
2456 8725 122
3156 1473 86
1877 10938 277
2840 2618 28
4203 32 248
2010 3818 122
11170 9331 161
12549 2351 132
326 3891 71
8280 1138 45
6512 3966 50
4331 4330 277
7296 10591 248
5592 9734 248
3379 11922 256
3258 8133 66
3379 10660 256
1289 8718 122
11286 4461 14
1825 1902 277
4813 12234 96
740 3549 183
1793 4639 122
393 7663 27
8281 12154 50
10208 403 52
3279 6649 232
6846 8544 277
10782 4749 71
9146 1925 71
6603 7847 248
2605 22 52
7644 9458 122
5237 12005 277
702 5888 179
10148 8915 71
10591 7296 248
7328 11747 50
9938 5741 179
12478 3107 50
5364 7586 277
11913 1110 227
5375 12600 248
4233 8044 27
7644 7971 277
7386 12760 71
9754 6681 274
4278 5573 32
10851 11659 192
357 7802 27
4852 2138 161
6221 6220 96
10648 10309 256
10486 3496 183
6132 5975 71
5102 7531 109
