389
4028 10602 78
7073 5736 82
7570 3156 67
6466 9329 82
9214 8730 173
1488 847 67
2830 8342 84
4405 1843 133
590 5442 78
9651 9356 215
6711 2865 16
455 9976 118
2151 5400 78
11440 227 78
4028 3436 270
3045 12454 84
3176 9625 270
9861 12564 118
11019 5476 211
12043 3703 211
11460 2236 78
6396 3335 164
6953 9928 215
3648 5984 215
3664 4816 118
10537 7419 82
12197 6603 215
6668 5156 211
4523 6239 168
2874 9549 215
9653 11411 168
8793 10605 82
9088 10039 215
4922 7189 211
11501 10010 270
4337 9537 82
6618 5550 82
11917 12838 266
4134 8086 16
8939 12309 211
314 3155 118
1469 1468 82
4230 12423 67
4523 11420 168
9048 9049 67
8183 5813 78
6239 7512 270
7966 748 82
7432 11788 16
11579 4006 270
10153 11400 118
9564 1807 255
7278 1117 164
3502 5550 16
9575 1125 141
11310 5939 82
10053 2139 118
4028 11748 270
11719 3520 16
4371 5311 266
5683 6352 118
1174 2663 270
11556 9144 82
8404 5331 82
7159 7158 255
1009 2360 270
6915 665 78
9769 4067 182
1685 1342 82
10486 10190 118
9235 5950 16
11842 9760 225
5965 8118 211
11435 7103 82
2255 292 215
11579 3224 270
11546 11054 168
1478 8990 215
1249 3035 270
11178 5606 16
8280 1637 78
8902 7893 78
410 1981 118
7186 4399 118
11659 9750 215
6758 7586 211
11709 4256 82
1567 6668 255
506 11740 16
11842 448 225
3379 1917 255
11579 6102 78
10648 6623 211
1685 8585 82
8144 11688 101
10258 8501 78
5703 9356 215
5891 8030 82
11843 11074 16
2393 11631 78
9170 6141 215
2907 9119 141
3722 7881 118
11120 9338 78
717 5665 270
11579 9371 270
8464 10612 82
5891 6186 82
1749 5951 78
6393 3654 164
787 9532 215
3606 5625 114
5502 11563 215
1939 5782 82
7216 9976 118
9462 4326 118
98 7027 78
454 6222 215
4128 7236 270
12327 1428 255
3273 4967 118
2830 941 84
8939 8120 211
585 3035 270
9351 8990 215
7813 11360 118
11709 9578 82
1219 9444 82
7211 11361 118
10494 5244 78
6074 12767 215
9769 9783 182
11278 7551 78
722 2818 215
6293 6293 255
902 8390 215
717 5543 270
575 4803 230
1009 6968 270
543 4759 182
9531 10494 168
5984 3648 215
7794 3930 255
12732 11753 16
3104 3630 82
4371 4141 266
5796 716 118
11579 6009 270
5334 722 215
3510 3510 255
11857 10173 78
3472 6280 82
6023 3197 118
8040 1278 215
5244 10494 118
93 11894 255
4405 9766 133
10222 11894 211
11278 1265 78
11201 5310 78
2014 1118 182
7562 4431 118
591 3549 230
2266 11273 16
5713 11156 118
786 7695 82
93 11894 67
9207 9500 255
11179 12621 78
3807 7524 270
9560 7380 82
1667 2766 16
5555 9355 16
6345 2811 215
9714 7618 215
12844 1843 215
3299 9527 270
6829 7983 110
11486 4185 82
5984 3580 215
10252 6735 215
591 6137 230
8364 11611 78
2300 11703 67
11178 7408 82
3004 2929 78
4265 4685 118
11036 8130 211
9573 1726 82
2675 2332 84
10419 11894 211
6483 3142 78
3116 5935 16
3543 6767 168
4587 3331 16
1807 1809 67
1456 10579 82
4337 5542 82
6390 4176 182
4040 6068 84
5815 10604 16
9477 5542 82
1597 7102 78
4371 11599 266
6380 7632 264
3009 12724 141
8554 5732 82
8029 7467 82
12722 91 255
8852 3189 255
5079 3331 82
11440 11520 78
7833 3158 215
6511 5825 82
11051 9430 16
3263 11689 84
10648 4303 211
7501 12504 270
10257 10178 230
2300 12382 255
6048 371 215
12296 1453 118
2818 722 215
7421 11662 16
8071 6334 82
6239 1670 270
3664 12575 118
11001 669 270
11842 566 225
12434 8011 141
9356 5703 215
7470 7470 270
10489 5795 215
4074 8683 260
3231 8544 211
11857 1265 78
91 92 67
6242 7521 82
7323 5288 118
2874 8467 215
1404 8365 16
3722 11734 118
11309 3703 211
9432 1248 118
7136 6131 215
8699 2901 82
7064 8114 82
12422 12426 255
1174 11624 78
12422 7952 255
7847 5730 215
3583 7780 118
8699 9498 82
5228 2818 215
10108 745 215
7746 7986 110
12651 11115 118
2754 6436 78
10187 6073 182
10502 1577 78
591 8522 230
9628 6683 260
4040 8195 84
12810 6567 16
3606 8740 164
460 10492 255
11366 7378 270
3144 11600 141
7119 5939 16
1506 2879 78
2511 1887 211
10648 1236 211
4485 4988 182
12312 7416 215
9477 9421 82
223 5156 215
9974 950 255
10500 4210 78
10982 4256 82
6466 10580 82
10339 7218 78
3583 11294 118
10809 104 255
12722 9833 270
9769 8192 182
11447 2949 78
7794 11926 67
10824 2884 82
4475 5611 82
8502 4523 215
9075 5905 16
1169 7098 270
11842 6757 225
11901 11909 102
6148 8914 118
2228 12782 82
5547 2388 84
208 5915 78
4922 6959 211
10502 9322 78
8939 6785 211
11086 1792 78
7355 5895 67
5796 7408 118
99 1629 78
7421 521 16
8144 7183 101
12175 5611 82
11070 5670 82
98 2899 78
3644 781 266
1113 6668 255
2744 5543 270
1084 9033 182
884 6668 67
11277 408 78
7439 11278 168
9214 12586 173
4611 4611 255
3176 5495 270
9092 382 215
2265 11414 118
391 6548 215
8404 3644 82
11117 11670 78
12722 10322 211
9235 161 16
12722 3784 255
12458 7523 82
11278 1033 78
3263 7946 84
9069 9430 82
1421 1594 118
12778 10580 16
10499 6961 270
6239 10559 270
11926 12710 255
8849 9091 215
7216 11360 118
5796 2186 118
1174 10618 270
5683 10511 118
11925 1363 16
4399 7186 270
11411 1265 78
3144 9054 141
91 93 67
6856 5730 215
1305 11894 211
3273 10066 118
5815 10604 82
7847 5730 215
10777 8314 255
11360 7216 78
10711 2087 118
9610 9610 270
2830 9775 84
99 5000 78
4371 2052 266
9935 7630 266
10083 7615 215
6685 1358 16
7794 11926 255
7117 11440 118
3299 785 270
11684 9624 78
7702 389 82
575 10060 230
10562 9221 82
2264 3603 141
3664 9678 118
7805 3083 264
5730 6603 215
5463 8598 215
9870 5935 16
3176 5665 270
10500 5603 78
1169 406 270
9651 5584 215
6758 12736 211
3916 1361 16
410 9243 118
10245 1637 78
9769 9773 182
10499 6562 270
11308 2895 78
11424 5752 82
7375 2800 215
11360 2770 270
