4789
8710 4679 34
4920 12260 156
9079 7152 62
11288 3005 34
11972 5118 251
2187 12384 62
6796 1806 165
9801 11894 48
9197 3872 105
3063 11883 93
3152 3985 48
10634 11889 48
10625 10471 265
11988 1444 265
162 978 48
3629 3480 156
3017 8064 156
5119 11894 13
10294 12268 177
8766 11867 125
2718 8906 265
2634 91 65
560 5006 62
9071 8907 265
8706 9280 34
9677 11926 65
9235 3985 48
5679 4286 210
1520 5854 156
11099 5004 156
2442 1344 196
3964 11894 48
4439 9381 62
10899 1414 55
12103 1659 251
9879 11439 65
196 9372 62
2228 8306 62
10432 5455 261
5412 9636 4
5194 3651 156
450 4656 48
1608 5258 252
3613 720 105
2938 5975 4
8184 3010 34
11390 2479 65
11776 2054 261
3395 8120 251
4237 1962 4
2994 2186 36
4647 11926 65
2114 11894 48
10925 6936 4
10384 91 272
9478 7355 65
7315 12422 62
9357 4391 210
5206 4797 272
11669 11894 163
12265 3539 149
11805 10158 265
6301 10333 48
5227 7989 48
12688 2336 93
1933 994 265
11957 1843 24
11394 7412 69
2828 11894 48
12741 91 272
7809 3609 170
12357 1140 62
7697 7952 65
1396 4518 261
421 12113 4
2567 3072 48
3110 7465 135
5225 9493 34
1739 302 272
4467 11894 48
6420 11883 93
8825 1807 177
6989 11926 65
3147 91 65
2085 5744 156
7682 5824 272
4596 4736 69
5808 11889 180
1822 9098 156
8457 11894 48
1889 2544 145
4877 2059 265
128 10660 265
3098 8306 251
1886 10578 34
7571 7863 4
11167 6672 156
7961 3422 261
9071 7189 251
9908 7489 193
10648 8434 135
3786 8429 65
3826 9293 272
12029 7465 13
12680 4604 198
3373 1768 135
1053 10786 165
11451 4608 165
11340 7106 34
9046 10831 77
1844 8192 36
11973 8223 13
1094 11613 62
2964 8906 13
4049 11894 48
3623 12593 65
126 7399 34
11168 11926 65
12710 6725 135
1291 10261 126
11046 12492 105
807 2516 105
11976 3072 48
11538 7364 48
9935 11926 65
2791 6446 62
12501 12499 127
9699 9109 265
11237 11755 272
3635 11889 48
7261 6386 36
5297 2479 65
4744 7189 251
10048 10462 4
2888 1042 31
5035 7489 193
11130 2314 156
5870 10188 13
10947 10946 170
11180 3930 65
5902 3970 193
8447 7972 24
12455 8971 265
2194 2059 261
9960 11883 53
3370 5854 69
11977 8223 13
2634 3483 62
12245 1675 177
11159 4246 272
1781 4608 165
7961 11894 48
7979 2024 127
1954 12364 48
5788 7971 252
12422 11894 105
10370 2054 261
12489 12150 24
12780 7972 24
11933 7971 13
11782 11894 48
11256 11926 272
3903 10139 207
11997 2536 13
11887 11894 48
8869 11894 48
6736 3422 261
7862 11894 48
12740 2878 272
1545 7423 62
5055 8383 261
3251 10264 154
587 11926 65
5772 11894 48
354 3930 65
3374 11655 198
2514 11894 48
2537 2536 13
11885 5508 93
12695 2214 48
6861 1806 165
651 3333 156
4160 9267 62
3395 4513 36
4919 1040 31
7015 8906 265
3598 8429 65
11405 11894 48
10254 11926 65
11527 1987 34
11941 12159 251
11144 4570 272
7316 8005 251
4199 7427 156
5029 7152 62
9720 11894 48
8634 2058 4
12090 10885 36
11493 2540 69
10177 1887 13
8305 7162 156
12427 12422 178
3375 8968 265
6410 278 24
10119 12384 65
2213 11894 48
4917 4822 36
1652 978 48
7182 5105 65
11509 6229 4
11531 5744 69
3262 5824 62
11684 1043 165
11975 6412 265
2708 12268 105
11458 7355 272
5065 11921 180
11885 813 170
11227 12422 65
12525 8383 261
6063 12159 261
9162 1489 193
2519 12384 65
11325 8429 65
7812 3985 48
11228 481 62
203 12422 65
4168 12823 272
1672 6725 210
9129 7712 261
3070 8907 265
12308 11894 48
2444 5430 69
3452 5315 62
8349 12682 251
4545 9031 272
6769 703 69
1773 7783 55
10070 42 272
3324 5118 251
8627 10621 127
11531 11886 65
1466 10328 24
1093 289 207
382 8987 252
1286 1525 36
12709 9730 69
3568 5305 48
2988 11894 48
12721 2543 93
7577 8429 272
10249 2479 65
12560 12559 36
7032 3422 261
12315 11894 13
5019 2245 69
9177 4608 165
12040 1887 13
1392 3959 69
5021 6297 178
4013 4303 48
12671 8285 265
7389 3553 156
4159 8968 265
12282 8544 13
7169 10266 184
8492 12533 4
10681 9802 135
12643 11877 147
6176 11889 48
12516 11889 48
12757 11894 48
6804 8907 265
2378 9229 184
12455 12444 24
1313 1599 55
10108 3062 184
1674 7376 69
11093 2861 156
1805 1887 48
10444 11894 13
11231 11886 65
1423 5920 34
3442 5004 156
6687 7952 65
3641 531 126
2079 5321 272
10441 8907 265
1594 4840 156
8926 8689 69
8239 8235 251
109 7971 65
4887 7947 251
8555 6985 36
320 898 77
1921 2271 34
10238 4518 261
11356 12422 65
10024 1899 156
4208 12065 4
5772 11894 24
4858 9516 154
9891 8544 251
4618 7045 69
5156 9222 93
2671 5199 62
7659 11889 93
10185 7246 156
3191 7235 156
7588 10417 36
9685 11894 48
2923 8545 4
3959 12081 4
4326 12422 65
6326 6074 272
3540 2081 165
2012 12422 178
3944 7989 48
11849 11894 48
1822 4232 34
11033 6150 62
188 3298 65
12049 8971 265
12565 1987 34
7677 6721 210
5390 8443 93
1920 420 69
10420 4724 34
5221 12422 65
11300 4840 156
595 3958 219
9546 3970 193
11634 12422 65
6598 11894 48
8013 7971 135
646 12422 65
12010 8971 265
4661 11894 13
12054 8971 265
3045 2582 193
531 4303 48
838 7377 62
10956 7413 156
1246 11894 24
7177 9294 156
7868 9113 156
8126 8125 251
10825 301 272
11830 7253 125
2964 8906 13
9160 3422 261
1654 4518 261
4663 6959 251
12525 11894 48
3347 8544 251
1945 8285 251
6805 7593 265
1110 5118 210
3057 10223 3
11011 5899 69
9804 8093 265
12384 3181 265
4485 2059 261
11357 7570 65
9871 5947 62
10066 10179 272
6326 11889 35
12081 8907 265
7776 11926 65
11045 12260 156
11394 3298 65
3906 8429 65
821 473 156
2525 8971 265
11545 1847 4
3289 376 272
4107 8612 272
12009 1721 36
9456 10621 127
4299 4498 53
7940 4080 170
11961 1843 251
4604 4277 198
5358 3422 261
8926 9338 62
261 272 195
12374 9242 105
6176 3601 48
12692 2825 69
1236 4301 170
4917 7971 24
11152 9065 69
4318 1236 48
6214 9224 48
11679 7246 156
7631 8971 265
10454 11889 48
192 9441 272
646 5004 156
6741 3005 34
4148 3298 65
10421 2816 156
5315 11967 4
12118 1909 251
8434 3985 48
7432 11894 252
11052 6725 36
142 11894 48
1847 8907 265
12025 615 13
6925 5156 163
9188 11784 62
8162 8102 265
11126 4274 62
6815 5305 48
10934 2479 65
8925 1585 31
11980 2465 24
5476 5485 53
12205 5156 48
12707 11894 48
8871 10894 195
2980 532 178
12153 8971 265
4220 583 65
11979 3052 251
9452 91 65
7997 3422 261
7255 1887 13
10756 10755 36
6408 3422 261
12199 4360 180
8797 2059 261
11254 3930 65
6621 7397 272
6340 8443 93
3214 91 65
10857 1656 265
12118 12849 36
12094 10938 251
2408 2405 34
7815 4278 196
3822 1898 55
8090 3889 136
12576 12384 65
11879 7950 251
11958 1843 13
6174 8383 261
2391 2387 36
6559 6668 65
3185 813 170
6723 3958 219
7123 91 65
6734 1806 165
5261 6024 272
6105 7922 48
1871 6370 93
11194 1299 62
10086 4593 62
7535 11894 48
4131 11752 156
10691 9803 265
1296 11894 48
4816 91 65
10964 1806 165
11291 1838 69
1246 11894 48
11704 9434 272
10472 4025 34
9033 1084 261
12366 5962 272
238 11894 48
5343 8429 65
9710 11894 48
4430 4246 272
4288 937 36
1647 5460 272
5194 673 62
9138 2643 156
1382 1758 135
1107 11894 136
12532 11894 48
10918 11755 65
8114 7667 210
12110 12444 251
9105 5612 69
6879 6876 195
10282 10601 272
1066 7101 156
190 9267 62
91 10660 265
10986 12645 62
6326 9821 34
7807 2890 272
1962 8544 251
10494 5244 165
2429 10829 125
639 10308 65
9864 10308 62
8548 2059 261
12160 5156 48
8270 9582 4
2576 5805 272
4760 2054 261
11499 2884 272
8436 12384 127
2976 11667 62
10816 3422 261
181 11560 180
10428 11883 93
4937 11894 48
12845 5962 156
7773 5068 65
10937 2059 93
5074 3976 65
2751 8908 265
11867 8147 48
2453 7189 13
8218 2493 125
12755 11894 48
12378 5283 127
2271 1807 163
4645 10905 251
4101 4453 34
9008 2214 48
11383 3298 65
8894 12384 65
12739 1728 62
10496 5894 62
4926 3920 93
10006 4608 165
1093 289 228
11435 11894 48
3184 9031 272
7492 1887 48
8852 8971 265
807 2551 105
10541 10750 163
12050 2465 251
3179 11755 65
8407 3062 184
429 11883 93
9043 1721 193
10474 7783 55
1504 5156 252
6002 5926 272
11894 1110 124
9079 11470 69
8206 10601 34
8001 4518 261
6918 4080 170
12827 11439 65
4811 7653 265
3330 8743 55
4322 4710 272
6978 3985 48
9724 9725 251
8626 4518 261
8025 7106 156
12046 8971 265
10890 8976 136
11086 8036 165
1567 12512 4
1073 813 170
4463 1843 105
3146 7355 65
11634 7355 65
5510 10602 62
10355 8907 265
190 11894 48
2509 7793 31
10407 2360 65
3587 4286 251
12141 2059 54
11743 12384 272
10232 12422 65
3946 8429 65
4876 11889 48
5423 8897 48
10221 2054 261
10253 9423 69
4392 4137 125
5413 7783 55
10512 4261 272
3000 7908 156
1428 12327 180
6158 9582 4
6314 5792 34
2706 11889 48
12466 3422 261
10401 5711 69
2381 11894 48
4675 11894 48
9472 11894 48
5771 7988 36
6495 5305 48
12039 7930 251
8208 11894 48
6351 2717 62
4307 7382 156
3300 11894 48
10985 3976 65
6798 4937 93
8741 7715 193
5556 11894 48
8946 2054 261
7495 8357 34
5080 6978 156
4567 10716 48
5185 11883 93
12763 5444 34
9955 8907 265
12049 10938 24
7116 7593 90
4318 8971 265
3381 573 65
2184 2059 261
6705 2054 261
5392 11894 48
11939 1395 36
10482 10481 36
10956 45 62
12025 615 36
6381 8544 13
10520 1153 34
7321 2479 65
3383 10750 48
4539 4608 165
10940 10938 13
2685 10308 65
1730 3422 265
12018 6168 251
9769 8383 261
7896 12364 48
9696 8443 93
11436 2479 65
12648 8971 265
5359 7581 265
11421 1623 62
10892 7364 105
10129 5826 156
4273 2482 4
11142 2513 62
12585 3945 193
860 8093 265
6467 3958 219
1649 3945 193
5293 10875 62
4280 11894 24
3027 7983 4
11186 11470 69
2974 4756 69
1674 7376 34
2236 1854 4
12178 2706 93
809 12150 265
7131 2245 69
5494 1843 252
2076 5156 48
9520 1195 62
7960 7989 48
8775 8383 261
2000 8223 13
11291 9502 62
8737 1753 48
4762 11894 24
12223 5156 163
11703 11433 180
3906 12422 272
2056 8971 265
10965 5416 156
206 3474 65
2641 10980 62
7955 6412 265
11496 10549 65
3557 3422 261
7020 11894 252
217 4736 34
8865 3496 272
11189 2878 272
11009 10526 265
1815 11560 178
6367 7083 65
7926 10148 62
3589 2550 93
8998 7971 251
10326 3422 261
5052 7950 251
3950 11894 48
7283 9115 69
6088 4303 48
7926 11886 65
932 6965 24
1858 8971 265
4157 4608 31
7985 7972 36
8429 12245 180
2060 2828 36
6275 3422 261
9350 91 65
8013 2202 105
8127 7923 126
54 11475 156
6714 3422 261
4113 5476 48
9837 5305 184
6379 3422 261
6563 3620 105
6405 1843 252
12281 3872 178
4476 12444 251
11979 8971 265
11777 11475 34
4289 4286 24
11144 12422 65
6999 41 93
4046 11612 272
10135 3862 193
7490 2059 93
1036 9701 195
7160 1911 207
11171 5105 65
4164 8968 265
5029 11470 69
5192 3651 156
6618 3379 180
7809 3609 261
6958 790 156
3213 7055 65
6807 6785 251
11913 11902 42
10304 3620 105
11796 11894 48
10391 8771 65
8142 8907 265
11393 3556 156
5266 5166 163
723 3415 261
6069 8971 265
11094 45 62
11211 3723 62
8642 11894 48
12066 8809 36
5319 12094 4
211 3979 62
4727 12422 65
8521 11961 4
5054 10665 265
9473 10809 180
698 5854 34
5707 11978 4
11407 473 69
7751 3855 180
2451 12649 36
1698 7253 93
11345 5612 156
5029 8429 65
8224 7583 223
5429 5423 196
11091 7533 34
3592 414 69
3000 7570 65
9611 12604 34
1177 6785 265
12631 8223 210
12556 7413 156
658 5168 265
2868 11894 48
10847 11858 24
12443 8544 251
6982 11883 93
11150 2479 65
1381 7581 265
3350 2618 265
8430 12245 178
7627 4840 69
8842 2054 261
1019 9115 34
4148 2933 156
9938 11961 4
79 8604 272
7329 11894 48
4268 8155 4
8361 3945 127
7309 595 77
1199 8128 219
10017 2479 65
7569 91 65
255 11894 48
7327 1843 265
4221 7465 135
1120 5305 48
8735 4188 272
11221 724 69
10849 10938 251
5754 12081 4
9555 9509 62
11925 11921 180
11492 6725 62
8915 7971 251
3407 11894 24
12073 1843 24
6538 6537 36
9657 4143 156
6512 11894 48
9764 8383 261
8521 7783 55
5942 9928 163
4742 10621 127
7967 1887 265
4534 3601 48
10525 11926 65
6526 91 65
1730 3422 261
7125 11894 48
1415 2943 272
4194 5930 34
11605 12086 4
1446 5796 62
11925 8223 251
10225 3480 156
2512 813 170
12832 6106 62
93 6757 135
10713 8443 93
9159 906 93
2009 7897 251
11410 8650 34
12546 1843 135
5445 7190 4
6928 11894 48
10384 5456 62
12013 6534 36
8714 292 93
9405 4284 4
9757 10938 265
7687 11894 136
9037 5118 251
11235 3435 65
6918 3394 261
12737 3422 69
105 2873 156
11605 7913 196
395 11894 48
3655 7971 251
11457 3130 156
7913 343 184
9598 11889 48
5135 3379 180
821 12422 65
85 9502 272
11285 4382 65
7085 5168 251
12380 1758 105
12791 2543 125
7941 11894 48
9263 4988 36
1202 3976 65
9160 11894 48
194 10488 272
4634 12615 156
9029 978 48
10760 7794 178
11971 2186 36
9106 5992 34
11255 9113 156
10294 9974 180
6629 12217 48
3498 9505 69
8547 6959 251
12235 11014 165
10691 11894 48
5187 1327 126
5386 12268 105
6970 3609 170
6979 10912 156
1067 4212 272
4491 3422 261
781 949 261
12776 8429 193
4762 11894 48
243 9229 184
2531 7570 65
246 11894 48
2566 7012 36
10195 11894 48
11667 11889 35
9298 3334 4
11245 4200 65
1281 8429 65
1003 8743 55
6917 8429 65
11880 11894 48
7069 9553 69
5236 5871 265
3493 8383 261
3910 11894 48
3200 8468 34
9802 8383 261
12741 5823 156
6926 5156 261
11828 904 65
9665 10632 193
9617 6402 156
148 11921 180
1797 8383 261
4547 7923 48
8299 11894 48
11540 11894 48
5010 4769 62
7362 2054 261
5367 3422 261
79 2946 156
8487 11926 65
9862 8429 65
7770 9432 34
1995 7246 156
3210 11883 93
9631 1987 93
12739 91 272
2577 2712 193
4673 8689 69
2444 91 272
6965 8658 261
6668 3620 177
3378 9113 156
6769 703 34
5728 11961 265
7280 91 65
10493 5156 48
979 1195 272
6920 4284 272
622 8987 261
4948 4944 195
1197 5826 34
12580 2059 261
11022 5554 272
3948 4039 65
8729 8250 272
1538 11894 136
12584 11889 48
838 12384 65
2997 10526 265
5390 3539 124
2016 9730 69
6968 3673 55
11176 1987 34
6579 8752 265
8405 11894 163
9401 6853 196
12044 8971 265
7584 10801 265
2289 2270 48
10239 10240 93
7587 7653 251
4094 7923 48
7834 3422 261
3204 9213 55
6173 5156 261
9722 9423 69
12422 1843 135
1601 2054 261
1185 7355 65
443 4376 69
5515 595 77
10809 12268 105
12318 7253 93
6873 3703 22
1927 11889 48
10812 91 65
8301 9222 93
3399 5185 48
9881 11518 69
1973 3933 180
832 11894 163
610 3872 105
10853 6757 265
884 6668 178
12829 11883 93
1458 7783 55
11996 4636 36
11238 8516 272
8137 481 62
3831 1887 272
3907 8383 261
2300 11433 180
10403 2054 261
5029 9423 34
8001 8152 265
10869 3422 261
72 7355 65
7654 8971 265
12362 12679 36
7794 3181 265
5880 11894 163
11818 8906 265
10441 9025 36
6915 7228 65
4759 3985 48
4280 11894 48
6082 90 75
12449 7971 251
12062 8544 13
10903 8642 24
7584 6412 265
3792 11894 265
9889 4628 36
9772 8383 261
2481 12190 36
11594 9928 4
10333 11883 93
9263 10938 13
8132 4518 261
3318 4588 272
7494 4346 34
10498 5612 156
8445 5305 48
185 3876 127
6797 583 165
7281 11518 69
11887 11886 180
10906 10905 251
7952 1843 135
7688 7183 24
6895 2054 261
7332 11173 180
3305 7923 265
2128 7517 62
7822 8383 261
11712 8971 265
5770 7189 210
314 8990 77
917 9279 62
11375 11894 48
11197 4679 34
10420 11926 65
10631 7614 62
186 10889 105
12575 3664 272
6259 148 93
10110 5476 48
640 2336 272
10715 8383 261
10648 12326 177
4529 9765 4
7617 3970 193
1322 10526 265
10992 11926 65
1365 11894 48
12085 8971 265
5108 11894 48
2559 2059 261
2597 8822 48
3523 12094 4
11114 3987 62
1095 12267 105
12664 4656 48
10426 12441 4
2186 2059 261
10373 979 93
4319 8429 65
3971 7088 34
12042 123 24
1643 3422 261
8327 5796 62
12462 9851 62
8489 11889 35
1808 10660 265
2735 12053 4
6998 11894 48
6583 7413 156
10651 4303 79
4364 9901 48
11205 4608 65
12353 10938 93
5260 8429 65
396 9773 62
10659 8078 69
8934 3422 261
513 583 165
2184 7364 48
2428 10660 265
10954 5962 69
4938 91 65
3697 1843 93
7019 12015 125
12705 12704 265
10312 7162 34
7331 8632 105
7949 2536 251
11889 3539 124
3930 11894 105
7616 10284 48
1099 12526 261
7895 4906 154
751 2479 65
3405 11894 48
1181 12542 113
8751 3985 48
7570 10660 265
5738 4745 4
12804 7293 62
6057 11894 48
2201 1797 265
5152 9502 62
12081 8907 265
6961 6757 219
536 3298 65
7429 12059 4
4169 12444 219
11155 2314 156
2878 11960 4
9133 4749 4
5322 3734 4
11334 7377 62
8019 3422 261
3624 5156 48
12427 7971 135
1236 2054 261
2991 9293 69
9718 9397 69
3425 1014 105
10004 8429 272
6351 2825 69
11209 12384 65
9452 11894 48
4108 12427 180
2002 2475 4
9397 11894 163
2086 8907 265
4683 3445 34
4540 3468 34
672 243 196
6997 2054 261
8883 11894 48
1335 2479 65
8009 4518 261
7787 2399 156
1603 11894 48
11400 3232 69
6536 11889 48
10349 4518 261
8221 11894 48
4094 7923 265
9613 8102 163
6802 3985 48
12244 5305 127
7849 11894 48
8307 8306 24
11092 2936 62
9579 7733 55
10421 9425 62
12063 8544 251
4046 7100 34
11090 1048 69
11838 5305 193
11527 12422 65
12083 10454 36
11056 12422 180
59 6147 156
7837 7835 135
788 1236 48
2151 7793 165
9848 3814 195
11601 2227 135
12387 90 75
394 7663 36
1932 9934 265
1834 5305 48
9544 2883 69
5131 8971 265
3896 2436 113
4375 8383 261
8080 12062 4
10445 2059 261
5770 4745 4
1693 12383 65
8687 3539 149
9986 7489 193
5639 8836 53
12710 3601 135
6010 426 265
12191 1887 48
12694 2214 48
4397 4864 251
8049 91 65
3831 12604 34
4698 7786 154
12692 8429 272
2163 11926 125
11011 45 272
1756 3615 156
3596 1887 62
10147 9505 34
11418 3784 165
3031 5118 265
7768 11921 180
11683 1935 34
12116 8971 265
12710 11926 180
3953 7012 24
9321 3422 261
11487 7972 135
9539 2186 13
11090 12529 62
11795 8429 65
12180 5168 24
1546 12150 251
196 7045 156
6386 3062 126
9877 6125 62
12071 8907 265
1854 6735 36
12845 2479 65
11910 11902 42
2068 2503 53
10468 1825 127
3070 11894 48
11967 1871 36
11826 583 165
2342 3868 156
870 6229 4
2797 8657 34
4949 4944 195
10921 8429 65
8127 2054 261
454 3062 184
2256 9788 180
945 3985 48
8574 4303 48
8379 10714 154
165 8659 48
7682 2959 34
10426 12268 105
9072 2245 69
3421 3930 65
8275 1887 48
11078 11894 48
4480 9101 34
2224 11889 48
232 11889 48
5699 1664 163
5870 12442 24
11910 11902 89
10519 8223 251
7766 8235 251
4799 5288 48
941 937 135
366 483 69
12805 3422 261
11325 3556 34
1835 8383 261
807 2709 135
8281 11894 48
8833 4303 48
1566 8553 36
4094 9224 126
12543 8971 265
12190 2369 265
1665 3609 170
4786 7417 272
6831 12493 42
10809 7972 135
9109 7558 251
8708 4679 156
8452 8451 36
11634 12621 272
4916 2933 156
3676 4303 48
6048 5156 252
5363 7465 251
3519 91 65
4311 11752 156
4141 4081 261
4540 3468 156
805 8971 265
6690 12422 65
3805 417 62
8845 8906 265
3289 11598 65
4826 90 75
12382 1758 135
10367 5405 69
8151 8968 265
228 10355 4
5079 11344 65
12624 11474 196
6123 8971 97
41 10938 210
11437 10759 62
3187 11858 48
11814 393 265
5170 8429 272
7583 7587 265
11813 3609 170
10954 5962 62
11250 9385 272
2007 7712 261
2201 7253 93
5143 840 272
1041 12114 4
7584 7581 13
860 8907 265
6520 4518 261
1393 3601 48
12495 8654 93
11690 9012 127
2131 3422 261
1250 8204 4
11981 3107 36
732 11629 272
5140 8343 62
12165 11894 48
12716 2643 69
652 1321 105
6332 4679 156
11435 3379 180
1252 12081 4
8297 8383 261
6410 4316 24
735 736 265
8058 3492 62
51 3976 65
6527 1162 62
7445 5154 190
3784 3891 178
10908 10445 219
3500 5858 62
12458 6600 36
9876 10054 69
306 7045 69
2720 8223 251
3966 2455 93
8897 7950 13
641 8430 65
11857 6757 65
1229 1838 34
429 430 170
4825 11894 48
12108 12438 36
5704 161 156
11026 12384 65
9111 11894 48
7474 399 135
11346 4270 34
7592 3873 4
12585 3945 127
11582 5416 156
9695 10445 36
7526 7246 156
12464 91 272
10126 2870 69
12790 3422 261
11153 12384 65
191 5798 62
12028 3920 13
7995 9229 93
3853 11894 48
12721 4518 261
11995 1887 24
3629 91 65
11366 7793 165
7381 3390 4
12544 1543 36
2185 5476 48
5660 8383 261
4633 5754 156
1793 11894 48
3873 8986 36
4913 7971 251
492 12383 65
7603 12326 180
4794 11886 65
9722 8250 272
60 11894 48
6626 7570 65
470 11961 4
3728 5899 34
12054 8235 24
468 8250 272
10186 8968 265
6314 2479 65
5145 8578 69
202 3976 65
2320 8743 219
1693 12383 65
3597 7923 136
6435 1321 219
986 1843 265
7271 1525 93
12262 978 48
1094 7505 62
12092 973 36
4370 3422 93
11934 8971 265
4311 11894 48
1210 11894 48
5019 7413 156
4709 3601 163
10691 1843 93
2074 11894 48
7475 8968 265
7982 12324 69
9953 5719 127
2991 9293 62
1589 11894 48
662 4081 124
4891 1330 48
5429 2451 4
3971 9425 69
6628 91 65
2135 3422 261
1124 8907 265
10524 2059 261
3649 11894 163
11974 2465 251
534 93 65
2129 2816 156
8048 8047 93
9476 11886 65
11168 11926 272
1320 5498 65
9634 10648 65
10507 5612 69
2187 5792 34
12520 4518 261
6955 11894 48
448 11894 48
1984 9229 125
785 1843 219
11853 12268 105
10466 7793 62
10310 10309 177
4336 11894 48
9372 3062 184
11349 5744 156
3113 11889 163
239 10938 251
10550 9196 184
6919 2479 272
8227 6412 265
5488 9493 34
11227 5790 62
11836 7783 55
12231 11894 48
10508 8429 65
7590 3072 48
3859 8336 69
1443 703 156
3930 6643 265
2119 3480 69
7281 8930 272
9765 8971 265
11062 11470 69
979 2960 69
6838 2490 177
6801 12499 22
8413 11883 93
2956 7983 4
3136 12116 4
746 2479 65
11401 5986 272
2730 8443 93
6642 2624 261
6800 994 265
8313 3510 180
9041 7376 34
8843 5156 163
3374 8897 105
10623 8383 261
2396 8521 156
3754 7364 48
11372 11752 69
11368 956 156
6805 8907 265
11353 7055 156
2514 8383 261
11472 12171 210
11042 2946 34
4697 11894 48
6448 2368 265
6362 8684 272
4093 9927 65
7201 12702 62
1687 11894 48
3826 9293 62
4266 8362 219
8242 8971 265
3801 3539 124
5074 5879 156
11125 1195 62
3521 2559 265
2665 11894 24
1764 3422 261
11977 8223 251
12136 2054 261
4555 302 272
12555 8544 251
118 11894 136
10745 4593 272
7536 6757 193
3578 9995 252
10648 10304 177
2749 1887 48
12170 5975 4
11339 12284 34
4658 7189 251
11839 5305 193
12601 8306 251
4857 11894 48
6399 2720 265
12101 8971 265
7346 11894 48
4216 337 105
12022 1887 24
12132 8383 261
2464 12384 65
7687 7972 135
1680 3930 65
12213 12767 62
9544 7355 65
2702 3422 93
12060 5305 48
6792 11894 48
5115 11889 48
11053 4679 69
12020 6412 265
12426 1758 105
6594 7794 178
11728 2540 69
5626 3422 261
9982 1040 265
8243 11889 48
10286 1379 62
4946 4944 48
216 12606 272
6825 9582 93
11500 11894 136
3599 11752 34
3212 7952 65
11635 12604 34
1261 7783 55
575 8027 195
6014 11926 65
9040 3433 48
4600 4600 199
6231 2540 69
6601 10328 251
4866 5195 105
945 7454 156
6119 9626 48
7664 3422 261
8897 7950 251
621 10645 55
3140 12384 65
9520 3232 34
11190 3702 65
7490 7465 265
1274 9222 93
7061 3539 149
12780 7972 36
10013 2024 36
12121 8659 24
917 12284 34
11257 11926 272
7883 3609 170
7647 7782 156
11154 5430 34
1790 6837 55
8782 4109 180
12564 4915 195
12024 7183 13
8845 11894 24
9017 3539 97
11354 4303 62
7046 2521 154
9751 4652 252
2727 5049 48
6786 6412 265
10825 2479 65
10082 2700 219
12241 10612 156
2700 11894 48
201 3844 156
2599 7253 93
7014 7971 13
698 417 272
7034 7570 65
6578 949 261
1584 5416 69
3238 2173 127
7927 978 136
7260 8285 251
12425 11560 180
6497 1267 127
4079 7829 113
8227 8971 265
2372 7189 24
479 5826 156
6920 4284 272
10906 10905 24
11478 8596 272
7163 11894 48
2135 12309 265
1535 1536 265
4012 4864 79
1110 4747 4
517 2479 272
5311 11883 93
7874 12384 272
8943 2054 261
11113 8429 65
11869 7972 219
4669 90 75
11414 473 34
3489 2054 261
5869 7183 251
1059 420 156
6005 91 65
11315 7107 62
11474 7971 210
10044 11894 48
8205 5984 69
11102 11581 4
7694 7950 251
8569 10529 127
8485 9991 55
2651 9172 65
11187 2816 156
12496 2465 251
11995 8971 265
9446 9338 62
7682 11886 65
12557 9441 62
12084 10632 36
11333 483 156
1400 4679 156
10013 8907 265
7897 11894 48
1798 7190 4
12346 2268 4
8819 3422 261
2077 11894 48
1887 3539 124
7844 9636 4
9974 5038 265
10783 1843 135
4737 595 77
1719 3422 261
5402 7783 55
6018 3930 62
11421 2925 272
11582 5403 62
467 10123 193
3705 12718 113
4389 4518 261
9093 5156 252
11400 12422 65
10415 2059 261
6836 8971 265
11399 11889 48
5356 9965 193
1184 12422 65
1534 7189 251
3318 3553 156
9481 1346 156
9182 5855 62
10704 4232 34
8245 5863 156
5286 11889 48
11535 7364 127
11733 3983 69
9398 9582 4
6742 2321 62
10989 7793 165
9439 9238 55
8430 12245 177
12537 978 48
1699 5765 156
9220 2479 65
11084 91 65
12808 3973 165
11193 6864 272
11973 8971 265
8380 7593 265
11579 573 65
10493 10493 31
1060 9441 62
10593 11894 163
9022 6546 156
11973 8971 265
7704 5248 261
12067 1652 36
2080 5045 261
9138 9141 156
9253 10761 272
10049 9113 156
2995 5168 13
7474 7183 135
10147 9505 69
12177 91 65
12439 3422 261
4672 2925 272
12700 8897 4
1077 11894 48
4879 8968 265
6231 12384 65
7730 5612 156
11582 5403 272
8315 9901 48
7362 10266 93
2979 11894 48
7587 103 251
6049 12768 65
10678 11894 48
2746 9983 48
12003 5108 13
2073 2059 265
7642 6785 265
12420 5854 34
6256 11866 265
9129 11894 48
1645 8472 69
10500 5603 65
928 11894 48
9478 1346 156
1239 5118 251
6754 11560 180
2562 5476 136
3154 5156 163
4463 3930 180
10304 3883 105
5458 3062 184
10443 11894 48
5626 3422 93
641 11894 48
1382 11894 136
8958 2816 156
5627 12284 69
9192 2861 156
753 5660 34
732 11889 252
1528 8907 265
2310 2581 4
12130 8577 62
4879 3620 105
4315 8544 24
10740 2550 93
8880 10894 195
12592 3422 261
3779 12156 193
4420 7012 135
2341 7971 135
3423 11894 24
11798 7189 13
555 5887 272
3573 6649 4
2048 7465 193
9881 11518 69
11319 2812 156
12069 6412 265
8121 8971 265
264 272 195
9692 1887 48
8860 12384 65
12344 5235 69
2832 91 65
2136 1887 48
2850 1843 34
11684 1893 65
5986 6937 4
10302 7712 261
7709 91 272
11105 5664 65
505 5403 272
3352 3601 48
12592 6846 265
1528 10268 196
9774 9773 127
3208 4568 4
6594 11894 48
10100 5456 34
11440 462 65
3103 9867 79
1192 8906 265
860 1843 251
243 11894 48
1794 11894 48
7315 5854 156
1782 11889 48
2228 9065 34
11860 11883 93
9701 9626 24
4955 5854 156
8359 4518 261
11523 9623 34
1918 10308 65
11143 12384 65
12215 11595 272
12533 7689 36
497 1806 165
9433 6837 55
5423 11513 196
9025 11894 48
615 4658 265
8683 5305 184
1065 447 69
11435 11921 180
5919 8629 219
5349 1090 272
1529 12245 178
1866 6725 210
9401 5770 196
8997 8429 65
3308 1623 62
9134 1553 272
11144 5004 34
5705 12760 4
3790 3422 261
10773 11894 48
1913 7950 251
6985 8383 261
1396 6370 125
6483 3142 65
9994 2540 69
10363 6761 257
1300 9293 272
1410 3945 193
3176 583 165
11540 8306 251
10349 3677 265
12102 12231 251
5424 8971 265
4516 2536 265
574 4143 156
12356 8754 265
3170 2247 34
3429 11894 48
6926 1328 125
10764 8968 265
11923 7794 177
12463 792 272
4484 11894 48
7548 9224 210
11803 11894 48
4725 8743 55
1323 9927 65
10378 11926 65
6344 1887 163
203 2299 272
2548 1638 156
5348 12354 156
12034 8971 265
11227 318 156
11080 769 62
498 7793 165
2344 7971 13
11116 473 156
3199 11784 272
12544 6168 251
7659 8383 261
10199 11894 48
1750 6742 228
2039 2059 261
8167 9275 272
10941 2753 135
8130 6303 170
4763 3422 261
8529 4679 69
6787 6785 13
4418 12384 62
9589 10428 48
12529 11894 48
5141 11594 62
4825 7558 251
8142 11894 48
2980 532 177
1587 45 62
9764 1843 265
7620 828 251
6814 10893 180
10070 10308 65
443 9365 65
1857 8971 265
12636 4781 55
12527 11889 48
12204 3609 170
8523 7783 55
8198 7364 265
10745 9927 65
11966 9805 13
11288 12384 65
6838 2490 178
552 9229 125
9600 11894 48
11454 4711 34
12016 8971 265
12121 8659 48
2048 7465 127
10609 11894 24
2519 2245 69
4280 11894 13
9020 8971 265
6885 6876 195
6852 12309 265
10920 2816 156
12649 3422 261
2077 7068 265
10226 2479 272
7169 9238 55
6557 2508 184
4993 91 65
9591 8971 265
11971 5118 251
11250 12422 65
9773 3601 93
12383 10660 265
11003 11926 62
1434 5118 251
9380 1955 163
10084 1887 48
1657 1654 193
5399 11894 48
7948 2536 265
3467 3957 219
10306 10304 177
2637 12440 265
6449 2479 65
12074 8659 24
2581 7971 24
2226 11889 252
7070 3422 261
12045 11894 48
6838 7794 178
12047 2131 36
7969 5765 69
4687 3872 105
7689 3422 261
1530 93 65
11023 5004 156
6853 3062 184
7087 8383 261
9803 8383 261
11841 810 193
1509 11894 252
3621 8285 135
10631 3582 34
11268 8014 265
3715 5476 48
10088 8657 34
3630 11894 48
11755 10304 178
9401 11894 48
4395 6668 65
3961 420 69
12208 7971 13
3306 4303 48
4566 1808 165
5907 2059 261
9612 2314 156
11808 5305 48
8229 8906 265
3456 4934 219
9860 2144 265
1208 414 69
5041 8971 265
3421 5004 34
10509 1252 69
12427 11560 178
10809 11894 136
12804 6924 156
9617 6402 34
12063 8906 265
1646 12150 251
79 8604 62
9621 5298 4
950 11602 135
1401 895 36
7771 10791 165
2114 2117 265
4012 4303 48
12209 12267 93
5132 8383 261
2652 8936 265
7346 7068 265
8224 8544 251
4103 1769 34
5124 3872 105
8052 4205 265
1534 11894 48
3954 481 62
455 11894 252
8842 2730 48
4576 8897 4
1766 3930 65
1612 3945 127
4170 7253 93
12673 12231 251
2912 12760 4
582 11518 156
3407 10905 251
6061 11894 48
5044 3673 55
11093 9434 272
1285 400 265
994 2054 261
5235 12364 163
5140 8429 180
6811 6668 65
1335 2816 156
9804 8907 265
12313 6600 36
11969 1914 36
10130 11894 62
11385 12384 65
7614 11894 48
11850 11894 136
4957 2789 62
11369 6671 156
10085 1040 31
7044 3041 193
1240 1887 265
11546 2482 4
11036 937 135
8774 8752 265
704 377 272
2655 4518 261
3794 3792 36
11673 11894 48
12222 1843 265
5488 11518 156
7368 3422 261
1682 3422 261
11349 5744 34
12309 11894 48
12107 8009 36
12363 11889 48
11412 91 65
606 9016 196
8785 3510 180
6404 11889 48
3801 8443 93
1643 1579 93
3917 11894 48
6338 813 170
251 11894 48
5774 1898 55
1522 1293 93
1215 2933 34
7843 3958 219
1296 123 251
9831 9229 184
8946 5305 48
11267 5416 156
2647 5118 163
393 11894 48
12526 3023 261
7466 7465 251
11463 7570 65
9607 11889 48
11191 1987 156
5343 8429 272
2700 6760 265
248 11894 48
1688 7971 251
8432 1327 184
8983 9031 62
11829 8546 4
11283 2479 65
3952 11565 196
1166 11889 48
12245 1675 178
12546 6757 135
5022 2587 265
6360 6361 265
12432 8223 251
7807 5004 156
1065 12698 272
10443 7971 251
10960 10599 272
831 10901 36
11167 2825 34
1739 12354 34
5079 5752 156
1086 7183 251
11675 6435 272
8123 6412 265
11032 703 34
8380 11894 48
7432 2490 177
9251 7923 251
11974 8971 265
7970 7106 156
10470 9204 127
8080 7194 4
4324 4608 165
10394 2816 156
2878 11765 4
7277 9854 48
64 3422 261
9522 8429 65
2033 7971 251
6713 10875 105
7587 10445 36
5193 7273 65
1545 7355 65
8238 8236 36
11922 11921 180
11417 4296 156
1565 11894 252
1416 7952 65
3311 8642 36
9541 583 165
11276 11926 65
681 4139 129
1466 8907 265
3347 8907 265
8242 12309 24
9320 11889 48
2479 2700 135
7123 1291 135
8721 5305 48
5387 7364 48
2213 3062 125
8820 8561 93
7630 4080 170
278 4316 48
5170 7412 69
5234 11894 48
4366 93 65
5760 3062 184
11407 10925 272
3212 4724 69
11827 7391 272
8049 11514 272
11994 4547 36
1687 7972 265
5518 12081 4
9520 1195 272
6126 8907 265
8278 4756 69
8337 9229 125
5192 7273 65
9105 10761 272
7077 8383 261
930 12268 105
3289 3289 156
6039 9594 4
513 583 65
2393 7971 65
492 12383 65
210 5246 48
10284 7971 93
488 11894 48
10713 3356 170
11073 12652 34
7008 5975 4
1390 3601 252
12086 8971 97
11180 1987 156
7839 10977 48
12594 5400 62
4660 9229 125
4866 1843 135
2144 11894 48
5104 8443 93
7711 8059 93
8876 10894 195
1152 2547 65
11197 5805 272
10825 301 62
52 11894 48
2339 1843 135
4213 559 55
8332 1887 48
9219 7971 13
1390 12059 4
9586 1897 89
6533 8907 265
7328 7950 251
3405 2059 261
6950 5879 156
950 7971 265
9897 2933 69
2669 6837 193
4916 91 65
4092 2889 65
11985 3454 36
11921 12326 180
256 272 195
6843 6370 125
6899 7558 13
4395 1345 62
1933 994 48
10735 12364 265
4673 3208 156
11032 10308 65
11445 11957 4
1033 4749 4
10066 8537 69
10370 8443 93
11944 8971 265
710 8356 261
8986 5156 48
11429 10271 272
3488 1414 55
2826 9198 36
6825 5156 48
5176 8544 13
8604 2336 180
809 11894 48
11991 4286 13
831 828 251
1673 2054 261
9976 2012 65
7492 9715 272
7900 6279 156
7954 11894 48
5232 7208 34
4718 11889 48
5385 8987 261
3199 5004 156
7497 11894 105
4516 3422 261
7592 9915 4
9978 393 265
7900 6279 34
9207 6643 265
6390 3062 125
4467 8125 265
8274 11886 65
4853 2399 156
4718 6725 210
459 3415 261
2396 8521 34
11429 3474 69
7409 6757 163
3851 3568 126
9890 2567 210
10644 5004 34
1646 8383 265
6196 3422 261
536 1878 62
11604 7972 75
11886 7355 180
12597 12081 4
5008 5418 62
12015 8971 265
11837 5878 69
1066 12507 62
3185 4080 170
2228 9065 156
486 484 48
7648 7698 65
8265 2336 62
12081 1843 13
8146 5118 251
505 5416 69
7996 5020 222
11800 7957 36
11923 2490 177
11436 5430 34
6865 5866 156
11733 3983 34
8497 12760 4
12099 8906 265
93 11894 180
12470 3010 69
11679 5270 156
10778 2054 261
11414 2265 62
2573 3923 4
12338 5047 170
3606 11889 48
9757 11894 48
12567 3976 65
1050 4591 156
623 2024 126
181 12230 180
9106 10761 62
7723 4296 156
3384 11894 48
3224 10645 55
2172 3422 261
8609 6697 55
2094 8743 55
8411 4570 272
6057 12532 251
6336 12091 4
6381 8544 24
1384 7793 93
9175 2587 265
11397 4679 156
9849 11894 48
12043 11894 163
9862 3298 65
9821 11495 4
11174 5777 62
6219 11439 65
6086 5156 48
1624 2214 48
3649 289 180
8067 3181 265
10047 6279 69
5298 7593 90
2617 9224 48
10995 1987 156
9681 1843 265
1289 11894 48
7568 10912 156
2430 10829 261
12557 420 34
5707 3046 210
4155 2619 261
9234 9927 65
12592 3062 125
7316 8971 265
10683 11886 65
12512 2536 13
8013 8968 265
1193 5018 93
12845 7355 65
12799 302 272
1857 1843 13
6957 11889 48
12017 6785 13
2464 12384 272
11009 7971 251
9157 6933 127
8128 6757 265
3637 8823 170
11333 91 65
4323 2769 272
9746 12260 156
10489 10523 4
11457 12525 272
12427 12422 177
11819 3539 124
1488 2186 135
11416 1806 165
943 8891 251
7371 8971 24
6526 10839 69
1214 743 69
12042 8971 265
1825 3985 48
3072 2550 93
7258 11894 48
12005 103 13
11262 3985 48
1535 6725 93
9920 3062 125
10516 2873 156
4316 8856 93
3856 4615 193
2708 10660 265
206 3901 272
4564 3609 170
1320 5498 65
1026 11889 48
7396 4302 163
5114 3181 265
1887 3609 170
9607 7593 90
1100 6086 265
7668 11894 48
8967 2825 69
5440 6837 55
9716 6323 34
6967 11856 24
10747 7355 65
7970 956 69
8344 121 93
1178 3422 261
11414 10680 65
12344 5235 34
11293 8657 34
2842 531 126
2335 7570 65
5238 4944 48
11019 11433 178
11037 10544 195
3825 1638 34
1492 2730 48
8664 2970 265
4125 5962 62
11747 6785 93
2060 7866 24
6262 1345 62
8260 4492 127
12156 2054 261
9287 12440 252
4569 11894 48
12542 12719 113
10128 420 69
1539 4656 265
8892 11894 48
12172 11894 48
12039 7930 24
959 393 251
8146 5118 24
11703 3181 265
6898 8930 129
10939 2449 36
8973 7364 127
12030 8971 265
11962 9359 36
11305 7167 34
3804 11894 48
51 2813 272
5558 11894 48
5015 3556 156
12250 12216 126
7947 11894 48
11130 11926 65
7739 4303 48
1091 5156 24
12070 8907 265
654 12597 272
9812 10300 265
8904 5156 252
10750 4080 170
10177 1887 24
4107 4679 34
6910 3422 261
9725 994 265
7340 11889 48
5061 5156 265
12753 10691 135
8206 10601 62
527 7656 4
2257 3040 193
10230 3877 34
7187 5246 48
4535 978 163
11932 8971 265
10934 9509 272
11067 1263 34
4218 1525 135
11231 5744 34
637 12299 62
1214 8429 65
12255 5476 180
6789 11894 48
1125 4854 127
11062 7376 34
12282 8544 13
4506 8223 251
10615 11889 48
8123 6412 265
2453 7593 265
7190 1870 36
8801 11763 48
950 9974 180
4339 2994 4
12427 12422 178
6445 7355 65
6583 3644 156
6284 6777 156
7970 956 34
9786 11894 48
9748 11765 4
3944 11894 48
11367 8544 62
8165 2247 69
3236 9229 184
7846 12552 219
8911 466 34
10383 5456 62
8397 813 124
12830 5730 93
2974 4756 34
11411 1805 165
10284 3394 261
11118 5068 65
1284 7950 251
12270 12036 4
2238 7983 4
4391 11889 48
5054 3062 125
240 470 272
3766 7972 193
2531 1758 105
4721 3062 184
9982 3062 190
10346 11889 48
4084 8383 261
7008 11894 252
10290 7485 265
6384 11894 48
7123 7122 69
3535 9267 156
6240 2550 93
11048 7904 62
8938 2054 261
4492 8443 93
922 11894 48
8144 1887 48
11912 735 36
10641 1195 272
7735 7240 93
11880 7971 251
5812 9229 184
5049 11883 93
1205 3422 261
2453 12704 36
10169 2816 156
1622 1929 55
2215 9730 69
1324 8095 62
9159 4518 261
9695 7586 13
1582 6803 79
7585 11894 48
3930 7794 178
12308 3601 180
11236 1929 55
11429 10271 62
10155 289 180
7598 11889 48
7680 6594 62
10974 12422 65
6578 1931 48
7538 2482 4
8529 5609 272
8173 8383 261
2416 7855 127
4955 7412 69
8066 12268 105
11203 7376 34
12797 4250 156
5358 248 93
11992 4316 48
11734 9443 272
6520 11889 48
10161 6864 272
8015 6757 93
8415 4492 127
6740 11894 48
2334 11926 65
8671 7068 265
1668 3985 48
11000 956 156
6173 3739 125
8015 7485 265
11801 8383 261
6707 11961 4
5269 10938 93
675 9591 4
3031 3422 261
12665 12664 36
9479 11894 48
7787 2399 34
2101 837 219
8927 8927 195
5415 12081 4
175 1887 127
7634 7727 93
10992 7101 156
10593 11894 48
11483 5863 156
8768 11894 48
7576 2598 272
11283 5879 69
10276 8383 261
7247 4299 163
2187 5792 156
6686 7430 62
8145 1806 165
1165 11894 24
12710 10660 265
11129 3556 156
10129 4724 156
7315 8689 69
7587 7583 223
967 11894 48
7905 7983 4
438 90 75
9198 1188 79
11626 12081 4
11249 5416 69
2011 420 34
3111 9373 272
12609 9516 154
7372 7417 62
779 3634 180
2058 8971 30
3002 8623 62
11102 12422 65
7365 2059 261
3379 8908 265
12050 12050 36
4617 5288 163
9616 6402 156
12397 9229 184
5462 3930 65
7390 11894 163
9636 7950 24
2138 8155 4
11605 10370 48
4307 7382 69
5297 3990 62
11957 6412 265
6611 1887 48
4612 2054 261
10474 11894 48
3294 103 251
4326 3157 156
11006 11894 48
7769 4850 156
944 3422 261
8403 8129 261
1329 5484 125
10233 11545 62
2969 1843 219
11356 10488 69
716 11926 65
1146 1987 156
6577 11883 93
6732 11921 180
5807 4777 193
10979 7570 65
8934 8936 265
704 9525 62
9877 5765 69
5683 2581 4
7568 10912 69
11964 8971 265
5392 11877 147
355 12159 265
1110 2475 4
2972 9113 156
9371 2344 4
4534 11889 48
8348 11926 272
6702 3422 261
7871 10802 48
672 3062 184
3343 11700 156
4971 2479 65
6970 11883 93
12850 3415 261
10998 420 34
6919 2479 62
581 1014 105
1701 4285 4
10644 2479 65
11260 2292 34
683 1843 251
7953 6529 93
4017 11894 48
7267 9854 261
7260 1887 13
5176 8544 251
12583 4303 48
8227 8223 251
7995 3679 265
5140 8429 65
11350 5765 69
8643 10807 34
1756 12324 69
5351 12308 62
12548 4445 8
4116 11018 65
11796 2054 93
11834 11926 272
6593 11894 48
12119 1843 251
11190 6811 62
11699 4724 156
10190 4711 34
1245 7547 261
217 3524 62
10436 7586 251
11865 5663 127
5839 3539 149
4386 11957 4
10976 7355 65
11312 6539 156
4686 8392 272
12555 8907 265
124 5067 180
10177 10715 36
9595 11889 48
4418 5744 69
10737 11889 24
12793 6959 251
10402 5753 34
4650 8972 105
7453 8434 210
468 8250 62
2011 91 65
11309 2307 69
5846 1687 163
566 2059 93
4330 5930 69
9757 2059 261
7541 11894 48
6268 9901 48
1061 11926 65
9564 7989 265
10466 11889 48
10303 3784 165
6739 2059 261
11954 1744 36
12160 5156 261
9232 4303 48
2482 7971 13
6297 12268 105
2388 2387 135
7848 7581 265
5174 5177 36
517 12384 62
12710 11889 48
195 10308 65
8775 6760 265
7201 12702 272
12041 6412 265
4731 5835 34
10974 7570 65
4247 3958 219
7804 6952 261
7834 3422 261
10942 10938 13
11896 12442 265
11037 2493 165
3219 7972 154
522 11894 48
1678 3422 261
12064 8971 265
8541 6615 184
920 4492 193
4392 5156 48
2526 12052 4
2433 11889 48
10543 2214 48
11934 7971 13
6505 3422 261
1817 1806 165
7641 8383 261
4568 7757 265
9780 8383 93
4552 4710 62
12437 6406 265
5869 8906 265
10568 7971 251
3532 429 35
7396 11889 4
11427 9824 195
11744 12851 48
3326 9224 261
6705 2054 261
2018 7863 4
3001 11555 272
2368 7930 251
1511 1769 69
2429 10829 125
5776 4934 219
11325 3987 272
7128 7692 261
107 11755 62
325 429 48
3228 1887 35
2230 11561 261
11113 8064 156
12438 8752 48
1172 11545 62
5114 6668 180
10832 3422 261
1719 3422 261
7967 8383 261
5056 11894 48
8293 8235 13
1762 2059 261
362 7376 34
1188 4303 48
1768 1659 265
1536 2465 251
9747 9980 105
8333 8285 265
878 7783 55
11047 4250 69
11369 3943 62
12535 3422 265
192 12384 65
1758 6760 265
9591 6725 36
10370 3699 53
247 11894 48
3277 11894 48
4323 4710 272
4953 4765 265
8134 3985 48
6792 11926 65
9955 8093 265
5918 1907 219
6423 5456 62
3976 3872 177
1165 11894 48
11314 12384 65
11094 4250 156
4874 4569 265
853 11894 48
6378 6864 272
11189 8430 65
5626 3422 261
11864 4303 79
11043 3987 62
9933 3945 127
4829 8158 163
8115 7045 156
5315 9020 4
12173 8383 93
5413 3062 184
8123 8120 13
1688 7971 13
3072 2810 170
7255 1887 13
11307 5430 69
51 2813 62
6786 1177 36
10509 5854 156
7496 12422 272
6813 11894 48
12590 12422 65
7636 11883 93
3267 8306 251
8663 7189 251
5739 11894 48
5488 11926 272
4151 8623 62
4795 8429 65
7983 7972 24
5262 12384 65
668 11894 48
4967 10179 272
10876 12267 105
434 432 24
12189 8383 261
4821 11889 48
4883 93 65
2364 8906 265
4957 11475 69
12254 12702 62
11427 10089 195
1546 11894 48
3017 8429 65
7362 10266 126
4279 2556 147
7470 6983 90
1393 11889 48
10698 10012 272
3384 2465 251
1572 7189 13
11077 5854 34
9073 12702 62
7200 426 251
3143 11894 48
11091 2479 65
12489 12150 251
4685 12422 65
2396 9216 62
4307 7382 34
11383 2873 69
7326 2480 93
9786 8383 93
11881 2550 93
1288 11889 48
11395 4149 34
6895 7923 48
10539 5879 34
5015 5444 34
8663 11894 48
12515 11889 48
2462 10428 48
4775 10601 62
4566 1806 65
9458 7644 265
8643 11755 65
7628 4224 34
6943 3677 163
2658 2292 156
8894 4724 156
3138 9928 163
10569 5561 265
7599 2059 261
10355 2753 36
2597 5305 48
4463 11926 180
1881 11883 93
1019 10607 272
4671 12702 272
4548 7923 265
2007 11894 48
1086 1085 36
3976 3181 265
12001 6259 36
6383 8048 261
1900 10400 180
9396 11896 147
12380 11433 180
4547 4548 265
1647 11505 34
10947 10945 261
9786 7077 265
4247 1843 219
10394 9731 62
6450 1040 165
10735 12364 125
11271 11703 65
5619 8931 55
1448 1119 4
6876 11894 136
2727 4988 65
1831 3485 24
243 5118 210
12102 12231 13
3486 12268 177
8866 10894 195
672 10905 210
1925 4518 261
1740 2054 261
9685 3422 261
7661 2059 261
1370 9918 163
11962 8971 265
234 12364 251
12653 5416 34
5518 8285 135
7773 4609 65
5197 8383 261
4853 2399 34
8426 10374 170
3390 9319 36
4263 836 36
10099 91 65
2128 5430 34
3792 11894 48
920 4492 127
3724 11894 48
9221 11921 180
9968 3010 34
10253 9423 34
10956 2479 65
8629 3422 261
8701 7570 65
5869 11894 24
5069 10938 177
343 5371 196
1852 1843 251
4291 2508 184
12559 11894 48
11381 11850 165
7633 11894 252
4612 8127 265
9784 8383 261
12791 8136 265
5284 4518 261
4045 3601 252
12153 12271 265
12208 7971 251
10972 3444 156
9897 2933 156
2652 9255 93
12192 12191 135
10415 2059 54
7989 11883 93
3076 3923 4
12061 8434 36
12841 2946 156
6814 1843 105
6146 1887 48
8539 7829 113
7808 8908 265
588 11926 65
1251 9012 193
10481 8383 261
199 2479 272
484 813 170
3688 9762 93
198 5004 34
10939 10938 13
9824 10246 4
2143 11889 48
6087 4393 193
4126 10328 13
1026 1736 48
6216 9423 34
3083 2465 265
2482 8907 265
3975 4012 178
11835 994 265
12789 5288 252
11270 289 180
8538 2214 48
8944 5305 48
10346 9197 93
4835 2025 4
9927 10304 178
4910 11889 48
6029 6106 62
5362 393 251
6629 1586 136
1152 5612 156
5052 11894 48
11160 8650 69
11125 12422 65
636 12384 65
11239 5729 156
11997 8906 265
11200 2825 34
12011 6209 36
942 11894 136
8307 2594 36
5080 2479 272
11347 12384 65
1171 3553 156
12074 8907 265
3971 7570 65
5049 8443 93
11257 11926 62
7687 8968 265
4083 4084 265
12279 10531 127
9026 7971 24
11385 2923 62
11219 11886 65
1682 11894 48
8710 349 62
5245 4492 127
7710 11894 13
3795 8906 13
7495 12702 272
3741 12422 65
1077 393 251
8012 11894 48
11780 393 251
3579 9065 69
7282 3298 65
201 12422 65
5292 11810 48
11408 8429 65
10361 8194 265
5399 3143 4
7815 1110 196
1701 1847 4
6537 10331 265
2989 11894 48
4967 2873 156
5198 9031 62
1840 978 177
7582 8314 65
7282 9115 156
5931 1929 55
11063 470 34
616 7189 251
1488 847 105
11999 4944 48
7603 7671 135
704 4679 34
10613 93 65
10602 1854 4
1426 11601 65
896 11889 48
47 11894 127
1157 11889 48
2392 9938 156
8337 11894 48
12340 4081 163
5254 5416 69
6537 8429 126
6984 4518 261
7944 6959 48
6792 9275 272
2674 10731 69
8797 11894 48
5624 7783 55
4017 7189 251
7583 6785 251
8576 8383 261
5060 3930 65
11445 703 156
4398 6550 62
117 7055 65
706 2479 65
1804 11889 22
2425 828 251
10968 1379 62
12101 10333 13
11137 2540 69
9105 5612 34
979 2960 69
3728 5899 69
6450 1042 165
7282 9115 34
192 9441 62
9014 3422 261
8206 3554 156
2700 8383 261
8242 8971 265
4683 5664 65
7158 11433 180
4795 12429 272
7738 10333 22
10402 12384 272
12819 2054 261
4837 4934 219
6408 3062 126
7388 12159 62
7766 11894 48
9120 4679 156
8364 4608 165
7819 3422 261
2496 1042 31
11004 5826 34
2043 12702 272
11971 5118 13
12020 8971 265
214 11439 65
502 91 65
484 11883 93
3035 2467 4
1776 3945 193
4909 11894 136
4430 4471 272
8944 2054 261
9566 8113 210
4483 8102 48
10609 8907 265
8870 10894 195
7299 1825 127
3044 1327 125
9782 5301 170
7466 6412 265
2035 8658 261
1522 8443 93
3188 42 272
7151 11894 163
91 10897 180
2597 1887 48
11464 5987 69
637 412 272
10035 7570 65
2000 8223 251
10047 11439 65
10625 9066 93
5657 3985 48
12728 4303 48
8817 11894 48
8192 960 93
12518 3422 261
12088 8971 265
10541 12795 4
10614 8152 252
4604 4277 149
9362 3298 65
1545 7423 272
9739 8168 252
12759 2536 251
5221 3553 156
6956 420 34
7087 10158 265
5518 11688 135
8047 4080 170
2167 1586 93
7610 583 165
2797 12422 65
3188 11926 65
8739 11894 48
12174 3857 127
189 11792 48
4620 3122 55
12062 8642 36
7652 12384 65
717 3974 165
11287 473 65
354 3930 65
7583 7581 251
6596 6725 210
1730 3048 210
12379 11433 20
3578 9995 163
7314 2307 272
1412 4518 261
4382 1293 22
9092 11921 180
4010 11545 62
3067 11794 219
3849 1192 4
9873 3422 261
8392 3594 93
305 2125 272
6764 3891 265
11076 743 69
10098 6856 156
5177 2059 93
10385 7399 156
9234 7509 156
12410 5854 34
3142 12062 4
10940 3969 36
7765 7465 265
1397 3945 127
5198 9031 272
10444 11894 13
12462 11894 272
1112 949 261
1655 3945 127
5139 7150 272
12528 3679 265
1031 11883 93
8164 11899 196
8242 8971 265
11355 3784 31
8555 8907 265
8273 2861 34
1416 2943 272
11260 5503 272
11986 8971 265
11391 8429 65
11500 11894 48
8224 12561 36
11977 7593 265
11935 8971 265
5088 9928 163
11849 11894 136
4374 7068 265
12338 2054 261
2570 11894 48
6806 7593 265
1021 7425 65
9994 4724 34
5394 1246 4
68 6508 113
4145 2059 261
2435 769 272
10853 11894 48
10653 8069 95
5202 2923 272
8211 7253 125
11975 2536 24
2348 4143 156
890 4679 156
8214 2054 261
8358 2059 261
12314 6412 265
1374 5997 156
11107 4303 48
6257 1887 48
12759 8907 265
7663 10408 93
10554 12012 4
3136 12736 210
11080 7570 65
4563 3422 261
12264 12499 24
11837 7888 272
1335 11545 62
5248 5908 93
10283 3539 124
8893 11894 48
7984 7971 251
3380 5476 135
12740 4724 156
11755 10304 177
4995 5927 34
9072 5416 34
7697 4270 34
4304 12522 48
8897 7950 13
574 7566 62
10379 10380 265
4491 8287 125
4491 8288 125
4795 3496 272
11060 12284 34
10740 10743 170
856 3973 165
12738 5826 156
7982 1958 156
12831 2054 261
12826 6788 219
2467 2468 36
156 12422 65
6689 4608 93
11114 4435 34
12018 6168 24
699 12758 4
10826 3422 261
8143 8971 265
2464 6411 69
8984 4952 36
9461 3510 65
11628 10304 177
12350 10473 135
11431 12422 178
11469 4679 34
780 6446 272
11446 12245 178
10967 12426 65
8935 9255 251
5348 2479 65
4375 7253 125
10434 7971 251
11958 6412 265
10786 11894 136
566 2059 261
11452 12422 65
10495 11849 165
9232 9819 62
2043 10731 69
11402 91 65
11521 8472 156
6478 10750 48
1906 11602 135
6167 11894 48
6950 8516 272
2476 2186 36
1423 9301 272
11114 4435 69
11942 623 36
9799 9801 265
11368 11745 156
72 870 272
11579 6207 165
8192 8383 261
3792 3422 93
5753 7783 55
6651 11889 48
11066 483 156
7268 4303 48
9765 1843 13
9760 11894 48
1415 7952 65
732 3576 156
10170 3874 265
8044 3415 261
9813 10371 252
9138 9141 34
7382 2543 184
11099 91 65
4401 7983 127
4135 8429 272
7152 7983 4
3558 11981 4
6635 3985 48
10918 9419 34
11524 11894 48
12172 3422 261
8444 11889 48
5171 7412 69
2136 949 261
2559 11894 48
11408 3868 34
11966 8971 265
6243 8443 93
8860 5430 156
8251 9509 62
2005 1772 156
7534 2399 34
12311 9321 36
306 8429 65
10847 11858 48
12257 8434 219
4008 11894 252
2467 2465 13
12283 2925 127
11925 2486 36
649 2933 156
8224 11894 48
11874 91 272
1466 10328 251
7432 7794 180
3599 12384 65
4451 5161 184
8900 583 180
9768 1843 36
9985 696 62
2226 11889 163
1513 9397 34
2451 8907 265
8626 8141 265
10725 11894 48
6695 11886 65
9588 11921 180
7186 5484 77
2189 2186 135
6469 1124 4
11975 2536 13
6378 2297 34
7279 5166 252
7630 3699 53
4439 5986 272
3953 7012 24
209 5418 62
11197 3483 62
1868 2550 93
7970 12081 4
10113 4962 178
664 5975 4
11139 3298 272
2847 8907 265
8818 8223 265
1715 1236 48
11286 4461 62
4885 8383 261
2038 7183 251
11284 2298 156
9908 3970 193
8522 1856 4
9105 11755 65
10816 11894 48
4853 2399 69
12157 7923 48
1392 3959 156
3754 2014 127
9055 6643 265
8194 11894 48
6641 7923 265
8238 8235 24
9363 3298 65
9564 7989 261
4822 3422 261
8307 8306 251
9764 8383 261
4571 11883 93
6541 10261 126
8735 9115 156
6202 11889 48
11122 2861 156
724 8155 4
2352 11889 48
11138 11894 36
12111 1887 13
5083 11725 55
3137 7783 55
7532 2816 34
6225 7989 163
10961 9416 34
3236 3952 4
9337 2839 93
4799 8971 265
10153 3601 252
8366 5826 156
9042 7344 62
7984 8907 265
12052 7593 265
887 949 261
11385 4042 69
10162 10484 4
10337 9302 156
8489 11889 4
4633 3005 34
9970 7513 62
3788 5826 34
12658 3422 261
7546 5484 77
2631 10263 125
11213 8429 62
11202 9306 156
4661 4661 196
12645 11894 163
4462 8971 265
1141 10488 62
9655 1887 24
10424 8908 265
11226 4250 156
9508 12260 34
4328 3539 124
4572 4518 261
11199 10308 65
9459 8907 265
8711 6279 34
4233 11883 93
11963 1843 13
6887 6876 195
3360 9229 184
2597 2890 62
4402 11889 48
2077 7712 261
3111 46 156
4931 11894 48
11985 9901 48
802 3010 69
12426 12081 265
10853 8383 261
6351 5612 156
11684 1042 165
988 8971 265
2012 10660 265
8359 4518 261
10196 2059 261
11979 5156 48
10033 8429 65
4491 3422 261
11145 3005 34
2712 1586 48
2879 5307 4
12040 4054 36
11958 6412 265
12603 7923 127
11681 6065 265
7329 8544 251
10033 9267 62
11605 10322 163
585 93 65
11411 10127 165
9256 8934 24
11137 91 65
6622 11894 48
1417 9338 62
1925 11889 48
3147 10060 62
12255 10660 265
8770 3620 105
6716 7189 36
6196 3920 93
2300 11810 48
4589 9516 154
3285 10488 62
10431 11688 93
11107 473 156
4995 2102 34
10705 3985 163
4543 11889 48
736 7183 251
4994 1806 165
1544 8223 24
8316 3422 261
2560 3539 124
6655 9071 4
11026 4724 34
6031 1236 127
1119 11894 48
1240 3422 261
12209 12267 93
12709 7517 272
9452 11894 272
10389 937 36
5294 10487 62
7258 5118 251
11852 11433 177
6215 9031 272
12592 3422 261
9836 11894 48
3441 11894 163
10340 11889 48
4326 4274 62
9272 12503 163
12728 10261 126
8630 91 272
6425 3957 219
8388 11894 48
975 4270 34
309 10529 193
11171 11518 156
11412 876 272
976 4270 156
1980 11894 48
2763 3415 261
2352 12664 265
3930 10660 135
1736 11889 48
12318 11894 48
8546 4689 13
11141 11518 34
1863 11894 24
2566 7971 251
1064 10306 180
6743 9207 62
12829 3609 170
11941 5156 24
4396 2873 156
3238 2173 193
9340 6458 48
12310 11894 48
3639 8472 156
9253 91 65
2980 532 178
11984 8102 251
11006 2918 62
1167 10103 105
9860 3422 261
4989 4988 127
12256 1887 252
11042 3987 272
8708 12384 65
8555 1843 13
4119 11894 48
5156 4894 261
746 5790 62
12779 12422 65
4433 1843 135
7501 4617 62
11488 11894 48
11601 8968 265
12098 1887 13
10109 9229 184
9722 9423 34
10356 6412 265
11158 5435 272
2056 7465 13
1096 1097 180
5392 8223 219
11021 5612 69
6219 1887 34
12087 978 48
3429 2479 65
3290 11894 48
6291 5161 125
9173 11889 35
4992 11889 48
6584 10602 69
5699 1664 252
1980 7947 251
4463 7794 178
6380 6785 265
6757 8383 261
12042 123 13
12011 4303 24
5810 1286 4
11004 11926 65
2671 7968 65
2011 3298 65
1229 5866 156
6845 2054 261
1645 8472 156
4512 7581 265
4311 12422 65
937 11894 48
11364 10807 34
10788 1675 105
5383 5185 261
3818 2059 261
9425 12094 4
3792 3422 261
2302 3601 252
5654 7928 135
4083 8383 261
5293 10875 272
12791 4518 261
4529 11957 4
8602 12031 4
10378 2761 272
6215 9423 69
9715 6228 4
2316 796 129
10632 3985 48
4491 1887 48
10044 4274 62
1075 1843 93
10614 8152 163
6846 11894 48
12411 8429 65
9079 11886 65
3911 11894 252
6642 2624 265
10478 9372 62
2114 3422 261
12107 1954 36
8529 2245 69
1877 11894 48
3372 2331 105
5269 2755 265
7492 791 34
11595 1697 4
8637 1890 163
8560 3298 65
8114 8544 251
220 12422 62
206 6638 156
3036 5416 69
3449 12105 4
3113 11894 105
10004 390 69
8682 1806 165
11222 2093 272
12150 11894 48
6283 91 65
1027 11894 35
1944 8906 265
9976 7793 165
12423 10660 265
5627 12284 34
11933 7971 13
11446 1806 180
4684 4684 65
10141 8392 261
2339 9773 135
4085 3553 34
8739 8742 265
11985 11889 48
4687 11894 136
6167 11894 24
10098 3888 65
4037 9229 184
7702 9626 48
2396 8521 69
10869 11894 48
11328 11894 48
11298 9532 272
832 11894 252
4253 9534 196
8709 4679 156
4058 8971 265
5307 7971 251
2477 11894 48
2522 8383 261
11285 10760 165
1927 8971 265
11747 7328 265
8344 2550 93
8612 12012 4
2441 4656 4
3380 10660 265
8744 11889 48
12665 11889 265
11645 11883 93
4427 12444 24
3679 7950 251
10028 4080 170
3889 3890 170
10939 6412 265
12722 7972 135
6244 91 65
1320 5498 65
3298 3620 105
8262 2700 193
4040 3042 193
12181 12268 105
6162 2059 261
3198 12422 65
8354 11018 65
4745 11894 24
12645 7783 55
10147 5675 272
12437 6406 265
11968 2269 36
19 12090 4
10307 7752 105
10899 2482 4
10478 5341 69
12031 7557 36
12846 8429 272
5076 3298 65
2162 10142 265
399 8383 261
8395 11917 53
7262 11894 136
11413 5004 34
10161 5430 156
3535 4463 65
6528 5416 69
7681 12509 62
10082 11266 4
12564 391 195
7778 11601 65
8935 9255 24
12741 1728 62
4390 11894 48
9767 9802 135
9234 93 180
12017 8971 265
8242 12309 13
7319 2816 156
2990 3422 261
10499 6776 65
10977 3422 261
7069 9553 34
8018 8017 265
9405 11894 48
6961 6585 55
3738 10370 48
1061 420 156
5295 3157 156
1514 884 65
4501 5430 34
105 2873 34
2626 9224 48
4287 9222 93
10966 10080 65
7724 11439 65
10731 10740 163
10704 4232 69
1682 12535 265
3373 3510 180
238 7253 93
3426 11013 156
3311 8544 13
11944 6412 265
3587 8907 265
5873 3422 261
3231 10013 4
11495 6173 261
7969 12422 65
5862 11926 65
989 6610 190
260 11894 48
6163 11889 48
11733 3983 156
5827 12566 184
11053 377 272
3486 12661 135
1958 8150 219
2974 10925 272
11607 11894 163
12740 91 65
10356 6785 251
8746 8236 93
7804 1327 93
8941 5305 48
3184 10309 65
1513 8516 62
8803 12035 4
1761 11883 53
4922 10750 48
1176 2816 156
7532 3930 65
12210 2054 261
7721 12645 62
781 3609 170
6673 12208 4
4200 3872 105
6587 10370 127
10785 6279 156
6774 11894 48
6290 8908 265
11898 11896 265
9181 3422 261
12081 8907 265
1831 3485 48
6873 811 22
1329 8218 261
11289 91 65
6739 7253 125
11857 11894 48
5862 9307 156
11767 11894 13
12017 6785 24
6815 6815 126
1316 6837 55
9801 1843 265
6512 3920 251
2294 7081 272
2226 6726 4
803 11926 272
1475 11439 65
3803 3422 93
6644 9207 65
7499 12702 272
7949 11894 48
10338 7045 156
8845 7971 251
2232 2214 48
12671 1887 48
988 983 251
2167 3422 261
10658 978 48
216 9432 34
9780 8383 261
12561 12532 265
9828 7971 251
3579 7570 65
3428 165 165
5019 11755 272
5390 11883 93
6623 2550 93
11136 2292 34
1227 10397 62
9970 7513 272
851 994 48
2017 7412 69
10958 5826 156
1753 11883 93
10086 4679 156
10677 12384 65
11595 1119 4
3967 834 265
10437 5118 251
9534 9229 184
2705 8544 251
5488 9728 62
637 7355 65
8283 1654 65
2762 3784 165
4814 4570 62
3260 1881 261
10530 3422 261
9067 11894 48
11510 3091 75
1961 8714 36
9968 3010 69
821 11894 48
253 11894 48
12377 11889 48
5609 11943 4
11837 3985 48
976 5518 62
4370 3422 261
3794 8907 265
6899 7558 251
11149 8650 156
11261 12422 65
7853 1542 4
12362 8120 13
2359 11894 48
4794 12284 69
9975 3985 48
5757 580 4
8942 5305 48
2215 9434 272
5077 3298 272
10188 10830 170
10184 5765 156
6316 7342 4
3837 1273 69
7721 7355 65
9138 10861 62
11527 11894 48
8797 10938 265
11498 91 272
3050 10331 265
11850 11894 48
11190 2955 34
8152 11889 48
6019 1989 165
6014 10602 62
1027 9629 35
2655 4518 261
4653 3062 125
5050 7012 36
488 3649 272
12217 1014 93
2748 6668 180
6295 12514 261
10337 6556 34
7272 5365 265
12002 8048 48
93 11894 177
10104 5246 48
11946 8971 265
1681 6725 210
117 7055 156
4550 8906 265
9300 2482 4
4870 11894 48
11959 9766 36
11527 2936 62
800 11886 65
6779 11889 48
9026 7971 251
11081 12422 65
9091 1924 55
11683 1935 65
5827 3838 184
1570 7376 69
9255 11894 48
11454 11894 48
6798 3422 261
12464 5430 156
6398 11894 136
11313 3298 65
9611 12616 62
11824 5612 156
12288 11581 4
10155 12326 180
4993 5776 62
8940 2054 261
523 11894 48
1337 11926 65
9887 7971 251
6394 2059 265
6668 11894 48
11230 4142 156
2961 2214 48
10418 8223 265
2570 3920 93
9697 8906 265
7415 1688 4
10748 292 127
156 3298 65
4156 4608 65
79 7355 65
12352 12350 165
1230 3415 261
11575 12105 4
11334 12384 65
8784 4518 261
8546 6412 265
4913 7971 13
10130 3298 65
3203 10743 252
2209 2226 34
8529 4679 156
9811 1843 251
10664 11894 48
6537 7923 48
9405 4253 196
2834 12514 261
4930 11433 180
10918 5403 62
2657 11894 127
3294 103 13
11852 9536 105
1152 5612 156
10230 3877 69
3299 2490 178
4430 9397 34
9864 1992 65
2372 8907 265
12529 8399 265
12137 10740 24
646 5004 34
10775 7971 13
4010 12384 272
8821 11581 127
10648 3985 136
162 978 136
1309 2299 272
11899 11906 42
12069 9255 251
9080 9115 34
3755 1150 193
1049 5405 34
8221 12488 265
4288 4286 251
7364 10374 170
11075 583 31
3354 4303 163
8401 11894 48
2007 7712 261
7623 11883 93
12100 11808 36
6845 4080 170
4727 5854 34
12076 10073 36
7585 7653 265
2930 9928 163
4955 11755 65
5197 11894 48
12758 2536 251
12043 8971 265
9234 3876 272
1758 8383 261
11269 8014 105
7127 7541 36
3937 3601 48
6884 6876 195
4784 4703 180
10006 8369 165
1148 2054 261
1601 7793 126
12591 703 156
10339 2493 65
3740 2247 34
3819 9493 69
11813 949 261
12131 9505 156
10218 8906 36
3146 2873 156
504 9244 62
3909 4346 156
3429 5509 156
6326 12768 65
2493 11894 136
4510 8120 93
2182 2471 125
8336 11889 252
4284 8907 265
11260 5503 272
7945 7189 251
9894 3152 36
6809 8752 48
950 12268 105
6002 5926 62
12368 91 65
1808 11894 136
1112 11883 93
12310 12309 265
3619 8968 265
11501 3973 165
2224 6725 210
4075 8855 53
2599 11894 48
5233 5156 62
12314 6412 265
10024 7430 62
1565 11894 163
4887 11894 48
11938 10574 265
8235 11894 48
484 813 170
12058 1887 48
10661 9907 69
9017 8147 48
6930 7971 251
11311 1806 165
10312 411 62
12801 2479 65
8123 9096 36
12409 7355 65
503 91 65
3770 8158 193
8414 8413 265
809 7712 261
4173 8155 4
2546 12422 65
8334 2054 261
12631 11877 147
8122 3351 36
4315 8544 251
8137 3868 69
5314 12422 65
12679 11894 48
1079 5168 13
7740 11660 272
2829 3422 261
5675 7983 4
11946 1150 36
8274 11886 272
8945 2054 261
180 11858 127
4021 2732 219
9301 1843 163
11216 5004 156
184 8135 127
5803 4745 4
1152 2547 65
4263 12309 36
9318 8383 261
603 3694 156
672 11894 48
2660 2479 65
11442 7402 272
4640 1887 48
1333 91 65
12201 1878 272
11126 483 34
3985 11883 93
8397 1721 93
4492 11883 93
6853 10938 219
5748 3061 184
9838 1887 265
12221 11894 48
6248 2550 93
6838 12245 178
11000 956 34
6866 3620 105
4499 4498 135
8171 8168 193
7936 3422 93
10466 7793 62
1432 5430 69
12230 10889 105
4427 8907 265
6871 4966 105
12494 10261 126
1310 11894 48
1335 2245 69
7772 11894 22
1737 4299 75
12342 10308 65
10328 11894 48
11656 11266 4
6917 4679 156
11417 4296 69
354 7952 272
11080 12394 69
6726 1914 265
4134 8429 65
11487 3872 105
8451 6760 265
9517 3422 93
6260 6725 210
12732 12422 65
2151 7189 65
10444 11894 13
8465 3422 93
1817 5609 65
7493 5834 62
123 11894 48
524 11894 48
9080 9115 156
7159 3620 105
9214 8930 129
3175 11894 48
8994 5168 13
10954 5962 34
9919 7712 93
6407 3601 48
9352 2700 219
10930 10457 4
2422 12789 69
12484 91 65
5049 2054 261
5420 10905 210
7662 290 93
12048 4467 36
8097 1807 180
10355 8725 24
11145 3556 62
11916 5154 124
10226 9493 69
10619 10740 48
8966 12268 105
5794 1110 196
1822 11889 48
6377 7454 156
4363 9901 48
882 2214 48
9083 7355 65
4083 4084 265
12165 11894 136
3378 1505 34
505 91 65
1068 4303 79
10232 7376 34
1390 9263 4
1767 1843 163
4365 91 65
8127 7923 265
12093 10938 13
4606 8934 219
290 9810 135
11713 5798 62
7659 8383 261
10737 11889 48
172 4492 193
6786 6412 265
8660 2551 105
9460 7983 4
10802 11883 93
9691 11598 65
5140 5612 69
11283 5879 34
12788 12535 265
12315 12309 251
1194 4303 48
8001 8152 265
3298 549 135
3831 12604 69
10776 3415 261
1061 11926 272
4506 11894 48
11801 11801 265
10418 3062 125
11331 3298 272
4233 11811 170
11228 11926 272
7659 7660 265
5254 5416 156
7368 3422 261
10669 10894 180
6714 11894 48
7983 7972 13
10921 5803 69
9680 9681 265
6694 91 65
11089 1638 34
8139 2543 93
12590 1144 62
1767 1843 252
10385 11889 252
11642 7355 65
8066 7939 265
5151 2059 261
3165 8392 48
2092 4934 219
3647 8534 4
520 1807 93
6166 7465 251
6559 6560 156
12814 9229 125
12132 11894 48
2709 8383 93
207 473 65
623 2054 261
4852 11894 62
536 8655 34
2031 12507 62
4802 4303 24
8097 1637 62
2505 11894 48
6107 6837 55
2581 7971 251
10339 12426 65
9367 12309 265
2512 3394 261
9642 9385 272
7632 7939 265
10623 11894 48
2588 2816 156
7785 10328 265
11017 7246 34
9500 10660 135
6794 91 65
10233 2816 156
9014 1887 48
7556 11889 48
6695 11886 62
2730 11883 93
2057 11889 24
10140 9423 34
11441 9751 65
2169 7947 251
9051 10370 127
8382 11894 48
3944 7989 136
2199 12384 65
7319 2816 69
2008 4203 62
8719 2515 105
2031 5068 65
3097 8768 265
7367 9229 126
607 11894 48
8451 11894 48
9935 4188 62
12451 11894 48
5077 3298 272
8846 11889 163
10062 8990 77
6744 3422 261
2125 7983 4
10680 6668 180
8347 2959 69
2060 7866 13
3188 42 62
8425 5879 156
5366 8971 265
3009 3970 193
120 7793 165
10966 10080 65
1907 6164 48
4396 9502 62
791 5156 252
12518 3422 261
11406 12422 65
12797 4250 34
4037 12027 4
2791 3072 48
6297 12268 105
4068 11894 48
11047 91 65
11420 7793 31
10770 2125 272
1545 11886 65
5734 12084 4
10857 11894 48
1159 12422 93
3184 9031 62
3659 3394 261
5015 8429 65
1975 8704 69
11587 3550 34
12688 4518 261
7325 9784 265
10545 3601 252
10162 12760 4
3919 11815 210
3395 8120 13
8958 2297 34
1721 1236 48
3535 3646 272
4657 7189 24
5114 1887 136
3778 12616 127
1755 3135 34
11959 1843 251
4180 4546 4
9172 11894 252
5392 9229 184
10404 8383 261
7682 7355 65
11959 11894 48
12381 4375 135
2242 6519 4
1525 3062 93
6113 2054 261
6010 427 261
4155 9224 48
9823 4918 210
3424 11894 48
5064 11894 48
9675 9901 136
3831 420 156
1961 8544 251
5224 8430 65
12838 4690 261
11157 91 65
12841 12422 272
2654 7101 65
12048 8971 265
2149 91 62
10337 91 65
1134 8285 265
2085 743 69
3790 12309 265
4920 1379 272
7093 12065 4
620 7402 272
1598 769 62
11158 7782 34
8224 6168 251
10801 10660 265
6690 3998 62
6294 5168 265
12164 3620 180
7664 7183 265
11960 5267 13
2453 7189 24
7600 393 251
10063 8383 261
599 11926 65
2988 10894 195
2493 11894 48
6005 5826 69
6848 11894 48
10131 11894 48
3053 2516 105
5827 3061 184
9100 2523 75
8121 8971 265
5193 673 62
8697 3920 251
3481 10458 219
1475 3571 62
5113 7570 65
11824 7412 69
8967 3553 156
11076 2923 156
3949 7397 272
9805 8383 261
2055 5185 48
9220 10860 69
11874 91 65
11211 5744 156
9478 10761 62
10232 7376 69
732 11889 163
918 7972 135
4431 1250 272
7491 7253 125
4844 12422 265
1192 10938 13
10822 10308 65
1808 1807 177
4762 8544 251
3187 3415 261
896 6164 48
2634 9493 69
7724 11889 48
3825 1638 156
1946 11889 48
10787 8659 136
1737 8907 265
2006 11279 62
6432 5430 156
9723 11883 93
6724 1887 265
10877 12395 34
11091 6811 62
9805 11894 48
5221 8657 34
8779 12796 210
6212 5711 69
9107 10761 272
7068 828 251
4101 9425 62
3879 7952 65
2428 12268 105
3913 420 34
803 3005 69
11442 7402 62
9544 876 272
453 1083 4
5455 7971 125
7787 12422 65
3990 1846 4
7272 8383 261
4924 8915 4
7560 7557 135
2169 11894 48
6581 7399 156
12738 2825 69
2320 6837 55
8250 7983 4
5160 7735 65
499 2816 156
1065 12698 62
2656 10716 265
3401 11894 48
1091 12205 36
2529 2560 93
6275 3422 261
10422 9425 69
12693 7793 65
3334 3351 36
3494 7712 261
198 7952 65
10517 10760 165
7578 4679 69
8380 8907 265
3921 3920 251
11296 675 69
6422 4453 69
6870 8770 180
8121 8120 251
9805 8383 261
9636 6412 265
2847 7947 251
10434 7971 13
12497 8907 265
4048 4453 156
5018 11894 48
11775 3473 272
1321 6760 265
3345 9901 48
9092 12427 180
9655 8971 265
10481 8383 261
4350 2054 62
8715 8714 135
12617 9893 154
10677 10912 34
4719 8906 265
9750 3958 219
9087 5161 184
2493 12245 178
4543 12796 210
11375 5833 272
7876 4492 48
64 6959 93
9762 8383 261
7084 11889 48
8772 11921 180
11955 5156 24
12071 9458 36
10147 470 272
11155 9493 34
6356 9773 127
11021 3563 65
4124 12645 62
9564 3620 105
2613 9224 48
3702 3985 136
10631 3582 156
10242 3976 178
5480 5476 48
8158 11883 93
10581 9194 4
12487 3010 69
12646 7189 251
9241 2816 34
1856 1843 24
1238 3609 170
2629 9224 48
6957 3601 48
9986 3970 193
793 5805 272
9499 2482 4
6314 5792 69
12008 8392 48
5237 614 36
12116 10893 105
6275 8285 265
11224 7516 272
7769 7355 65
9959 2689 113
5314 2399 69
7970 956 69
3755 1150 127
9363 91 65
5382 9090 261
4468 3422 261
9263 8907 265
10294 12268 105
2558 4348 34
7316 10440 36
11318 12384 65
9705 3678 265
9777 11894 48
11357 6952 62
11226 4251 156
5407 12091 4
6705 10240 48
7088 1533 4
5146 91 65
1918 11886 65
4429 631 195
3532 11894 35
5069 8968 265
10581 11433 20
8875 11894 48
11267 10925 62
11017 3467 62
5237 6412 265
4443 2054 261
5990 473 34
12462 1943 69
7579 9443 272
4057 1047 129
6743 5546 69
9648 5175 4
11130 2479 65
12463 7782 156
12005 8971 265
7709 1195 62
5115 6725 210
9071 11894 24
12012 6520 36
11980 2465 251
11779 6986 48
3917 2059 261
4046 11612 62
2383 11894 13
6962 12268 105
4717 8136 48
9033 8392 48
12065 8714 36
8232 11894 48
11749 12216 210
2184 7364 265
7037 1700 62
9845 7793 165
9666 9568 127
9672 6725 36
7645 8544 251
11910 11902 42
131 4277 149
1805 1887 136
5187 5156 48
3622 3181 265
6336 1962 4
8127 2054 261
11677 2563 65
256 11894 48
11747 3422 261
4688 12695 272
12567 11894 48
4927 11894 48
7102 12105 4
1598 4143 156
11248 2825 34
12762 7781 48
12177 1728 62
12462 11894 48
9877 5765 156
10441 7971 24
8792 5711 69
1837 8387 127
5203 5156 163
12032 7558 251
11393 8429 65
11306 9533 62
5990 473 69
3604 3422 261
20 1344 196
5376 3041 193
3352 11889 252
12056 8158 48
4007 8931 55
6354 3958 219
11992 8971 265
4824 11894 48
4857 7971 251
9702 3609 170
7594 5476 48
11886 10660 265
4833 11894 75
783 8906 265
9766 8383 261
1602 4303 48
9475 5154 125
4230 10660 265
9948 9549 62
2531 11433 180
5571 10261 126
3409 12427 180
11964 1843 251
4430 9397 69
204 2918 69
1475 7101 34
2167 11894 48
1095 720 105
3535 9267 69
6286 3422 261
1010 5416 34
1151 5612 156
5055 7253 125
9531 2581 4
4427 12444 251
8696 2479 65
8456 3422 261
11291 1838 34
5202 2923 62
6686 1116 34
7480 10905 251
9005 1014 105
7999 3945 127
6165 3046 251
11019 6556 34
4939 7972 65
11810 11811 170
9067 2059 261
8629 11894 48
1962 8907 265
8798 10322 48
5053 11894 48
11581 7972 36
474 9516 154
4463 1843 135
8018 11894 48
3649 11965 4
1847 6760 24
587 9338 62
6387 11894 48
2481 1659 210
12564 9861 195
9081 6490 272
11997 2536 24
5818 3609 163
793 8250 272
2803 4281 4
4117 7253 125
8503 1924 55
3902 7835 24
3020 7840 265
9140 12552 219
12551 2536 265
3086 3086 62
10739 11883 261
11053 2479 65
8708 583 62
7743 9303 156
7588 7586 251
2482 7971 13
5420 10905 219
9703 5476 48
98 3973 165
3649 12268 105
889 5156 48
467 11491 193
515 1461 272
10023 2845 65
1761 4080 170
752 7793 165
11206 4679 156
10422 9425 34
11656 1924 55
9877 7570 65
12801 7385 34
11323 2300 272
1539 4518 261
6295 12514 265
10058 4679 156
12019 2163 36
8792 11601 65
10188 10479 170
8986 11924 125
11807 7581 265
8222 8429 65
10459 3601 48
12101 3193 196
6371 11755 65
12670 11889 48
9533 2214 48
1309 5466 69
4555 2479 65
8284 11894 48
7923 949 261
10825 7387 69
10829 4382 125
942 3181 265
12829 3609 261
10745 4593 62
11283 5879 156
7716 5826 34
5326 2203 105
11521 6158 62
2407 7412 69
821 1250 62
2561 9381 62
10648 10304 177
11261 10106 69
9027 3945 193
11237 5416 69
12475 2059 261
