123 16
123 12858
123 17
123 9
80 3
80 12857
80 0
118 12855
118 12859
118 12
118 12861
118 12856
118 12852
118 2
118 4
118 7
118 5
118 15
118 3
118 8
118 0
56 12855
56 12859
56 12
56 12861
56 12856
56 12852
56 2
56 4
56 7
56 5
56 15
56 3
56 8
56 0
21 16
21 12858
21 17
21 9
20 12855
20 12859
20 12
20 12861
20 12856
20 12852
20 2
20 4
20 7
20 5
20 15
20 3
20 8
20 0
4 12855
4 12859
4 12
4 12861
4 12856
4 12852
4 2
4 4
4 7
4 5
4 15
4 3
4 8
4 0
19 12855
19 12859
19 12
19 12861
19 12856
19 12852
19 2
19 4
19 7
19 5
19 15
19 3
19 8
19 0
117 18
122 16
122 12858
122 17
122 9
199 16
199 12858
199 17
199 9
214 12855
214 12859
214 12
214 12861
214 12856
214 12852
214 2
214 4
214 7
214 5
214 15
214 3
214 8
214 0
264 12858
264 17
264 9
264 16
35 12855
35 12859
35 12
35 12861
35 12856
35 12852
35 2
35 4
35 7
35 5
35 15
35 3
35 8
35 0
205 13
205 10
205 12853
205 16
205 17
205 9
130 16
130 12858
130 17
130 9
84 5
26 12858
26 17
26 16
26 9
147 12855
147 12859
147 12
147 12861
147 12856
147 12852
147 2
147 4
147 7
147 5
147 15
147 3
147 8
147 0
6 16
6 12858
6 17
6 9
55 12855
55 12859
55 12
55 12861
55 12856
55 12852
55 2
55 4
55 7
55 5
55 15
55 3
55 8
55 0
50 16
50 12858
50 17
50 9
108 12855
108 12859
108 12
108 12861
108 12856
108 12852
108 2
108 4
108 7
108 5
108 15
108 3
108 8
108 0
77 12855
77 12859
77 12
77 12861
77 12856
77 12852
77 2
77 4
77 7
77 5
77 15
77 3
77 8
77 0
66 13
66 10
66 12853
66 16
66 17
66 9
107 12855
107 12859
107 12
107 12861
107 12856
107 12852
107 2
107 4
107 7
107 5
107 15
107 3
107 8
107 0
141 5
243 18
68 5
57 5
222 13
222 10
222 12853
222 16
222 17
222 9
15 12855
15 12859
15 12
15 12861
15 12856
15 12852
15 2
15 4
15 7
15 5
15 15
15 3
15 8
15 0
167 12855
167 12859
167 12
167 12861
167 12856
167 12852
167 2
167 4
167 7
167 5
167 15
167 3
167 8
167 0
72 12855
72 12859
72 12
72 12861
72 12856
72 12852
72 2
72 4
72 7
72 5
72 15
72 3
72 8
72 0
168 12855
168 12859
168 12
168 12861
168 12856
168 12852
168 2
168 4
168 7
168 5
168 15
168 3
168 8
168 0
183 12855
183 12859
183 12
183 12861
183 12856
183 12852
183 2
183 4
183 7
183 5
183 15
183 3
183 8
183 0
54 13
54 10
54 12853
54 16
54 17
54 9
92 13
92 10
92 12853
92 16
92 17
92 9
218 12855
218 12859
218 12
218 12861
218 12856
218 12852
218 2
218 4
218 7
218 5
218 15
218 3
218 8
218 0
111 3
111 12857
111 0
71 12855
71 12859
71 12
71 12861
71 12856
71 12852
71 2
71 4
71 7
71 5
71 15
71 3
71 8
71 0
100 1
100 12854
100 12
100 15
100 7
100 8
100 2
100 0
100 5
100 4
100 3
187 12855
187 12859
187 12
187 12861
187 12856
187 12852
187 2
187 4
187 7
187 5
187 15
187 3
187 8
187 0
219 12855
219 12859
219 12
219 12861
219 12856
219 12852
219 2
219 4
219 7
219 5
219 15
219 3
219 8
219 0
154 3
154 12857
154 0
231 2
248 12855
248 12859
248 12
248 12861
248 12856
248 12852
248 2
248 4
248 7
248 5
248 15
248 3
248 8
248 0
104 1
104 12854
104 12
104 15
104 7
104 8
104 2
104 0
104 5
104 4
104 3
40 12855
40 12859
40 12
40 12861
40 12856
40 12852
40 2
40 4
40 7
40 5
40 15
40 3
40 8
40 0
133 13
133 10
133 12853
133 16
133 17
133 9
163 12855
163 12859
163 12
163 12861
163 12856
163 12852
163 2
163 4
163 7
163 5
163 15
163 3
163 8
163 0
101 1
101 12854
101 12
101 15
101 7
101 8
101 2
101 0
101 5
101 4
101 3
47 16
47 12858
47 17
47 9
262 3
262 12857
262 0
58 16
58 12858
58 17
58 9
76 16
76 12858
76 17
76 9
271 3
271 12857
271 0
164 13
164 10
164 12853
164 16
164 17
164 9
28 16
28 12858
28 17
28 9
252 12855
252 12859
252 12
252 12861
252 12856
252 12852
252 2
252 4
252 7
252 5
252 15
252 3
252 8
252 0
215 12855
215 12859
215 12
215 12861
215 12856
215 12852
215 2
215 4
215 7
215 5
215 15
215 3
215 8
215 0
170 16
170 12858
170 17
170 9
261 13
261 10
261 12853
261 16
261 17
261 9
79 12858
79 17
79 16
79 9
202 12855
202 12859
202 12
202 12861
202 12856
202 12852
202 2
202 4
202 7
202 5
202 15
202 3
202 8
202 0
126 16
126 12858
126 17
126 9
146 16
146 12858
146 17
146 9
27 16
27 12858
27 17
27 9
212 16
212 12858
212 17
212 9
179 12855
179 12859
179 12
179 12861
179 12856
179 12852
179 2
179 4
179 7
179 5
179 15
179 3
179 8
179 0
88 12858
88 17
88 16
88 9
125 16
125 12858
125 17
125 9
143 13
143 10
143 12853
143 16
143 17
143 9
