123 16
123 12858
123 17
123 9
161 12855
161 12859
161 12
161 12861
161 12856
161 12852
161 2
161 4
161 7
161 5
161 15
161 3
161 8
161 0
242 16
242 12858
242 17
242 9
56 13
56 10
56 12853
56 16
56 17
56 9
21 16
21 12858
21 17
21 9
155 16
155 12858
155 17
155 9
182 13
182 10
182 12853
182 16
182 17
182 9
19 13
19 10
19 12853
19 16
19 17
19 9
152 16
152 12858
152 17
152 9
122 16
122 12858
122 17
122 9
199 16
199 12858
199 17
199 9
214 12855
214 12859
214 12
214 12861
214 12856
214 12852
214 2
214 4
214 7
214 5
214 15
214 3
214 8
214 0
264 12858
264 17
264 9
264 16
78 12855
78 12859
78 12
78 12861
78 12856
78 12852
78 2
78 4
78 7
78 5
78 15
78 3
78 8
78 0
130 16
130 12858
130 17
130 9
22 16
22 12858
22 17
22 9
237 13
237 10
237 12853
237 16
237 17
237 9
195 12855
195 12859
195 12
195 12861
195 12856
195 12852
195 2
195 4
195 7
195 5
195 15
195 3
195 8
195 0
211 13
211 10
211 12853
211 16
211 17
211 9
26 12858
26 17
26 16
26 9
191 16
191 12858
191 17
191 9
96 13
96 10
96 12853
96 16
96 17
96 9
196 12855
196 12859
196 12
196 12861
196 12856
196 12852
196 2
196 4
196 7
196 5
196 15
196 3
196 8
196 0
166 12855
166 12859
166 12
166 12861
166 12856
166 12852
166 2
166 4
166 7
166 5
166 15
166 3
166 8
166 0
97 12855
97 12859
97 12
97 12861
97 12856
97 12852
97 2
97 4
97 7
97 5
97 15
97 3
97 8
97 0
134 13
134 10
134 12853
134 16
134 17
134 9
245 16
245 12858
245 17
245 9
43 12855
43 12859
43 12
43 12861
43 12856
43 12852
43 2
43 4
43 7
43 5
43 15
43 3
43 8
43 0
108 12855
108 12859
108 12
108 12861
108 12856
108 12852
108 2
108 4
108 7
108 5
108 15
108 3
108 8
108 0
66 16
66 12858
66 17
66 9
107 12855
107 12859
107 12
107 12861
107 12856
107 12852
107 2
107 4
107 7
107 5
107 15
107 3
107 8
107 0
10 12855
10 12859
10 12
10 12861
10 12856
10 12852
10 2
10 4
10 7
10 5
10 15
10 3
10 8
10 0
45 12855
45 12859
45 12
45 12861
45 12856
45 12852
45 2
45 4
45 7
45 5
45 15
45 3
45 8
45 0
60 12855
60 12859
60 12
60 12861
60 12856
60 12852
60 2
60 4
60 7
60 5
60 15
60 3
60 8
60 0
200 1
200 12854
200 12
200 15
200 7
200 8
200 2
200 0
200 5
200 4
200 3
177 1
177 12854
177 12
177 15
177 7
177 8
177 2
177 0
177 5
177 4
177 3
230 12855
230 12859
230 12
230 12861
230 12856
230 12852
230 2
230 4
230 7
230 5
230 15
230 3
230 8
230 0
0 12855
0 12859
0 12
0 12861
0 12856
0 12852
0 2
0 4
0 7
0 5
0 15
0 3
0 8
0 0
183 12855
183 12859
183 12
183 12861
183 12856
183 12852
183 2
183 4
183 7
183 5
183 15
183 3
183 8
183 0
149 12855
149 12859
149 12
149 12861
149 12856
149 12852
149 2
149 4
149 7
149 5
149 15
149 3
149 8
149 0
82 12855
82 12859
82 12
82 12861
82 12856
82 12852
82 2
82 4
82 7
82 5
82 15
82 3
82 8
82 0
39 12855
39 12859
39 12
39 12861
39 12856
39 12852
39 2
39 4
39 7
39 5
39 15
39 3
39 8
39 0
206 12855
206 12859
206 12
206 12861
206 12856
206 12852
206 2
206 4
206 7
206 5
206 15
206 3
206 8
206 0
236 13
236 10
236 12853
236 16
236 17
236 9
69 12855
69 12859
69 12
69 12861
69 12856
69 12852
69 2
69 4
69 7
69 5
69 15
69 3
69 8
69 0
209 16
209 12858
209 17
209 9
185 12855
185 12859
185 12
185 12861
185 12856
185 12852
185 2
185 4
185 7
185 5
185 15
185 3
185 8
185 0
218 13
218 10
218 12853
218 16
218 17
218 9
210 13
210 10
210 12853
210 16
210 17
210 9
250 0
61 1
61 12854
61 12
61 15
61 7
61 8
61 2
61 0
61 5
61 4
61 3
100 12858
100 17
100 16
100 9
269 12855
269 12859
269 12
269 12861
269 12856
269 12852
269 2
269 4
269 7
269 5
269 15
269 3
269 8
269 0
174 16
174 12858
174 17
174 9
9 1
9 12854
9 12
9 15
9 7
9 8
9 2
9 0
9 5
9 4
9 3
219 13
219 10
219 12853
219 16
219 17
219 9
198 12855
198 12859
198 12
198 12861
198 12856
198 12852
198 2
198 4
198 7
198 5
198 15
198 3
198 8
198 0
248 12855
248 12859
248 12
248 12861
248 12856
248 12852
248 2
248 4
248 7
248 5
248 15
248 3
248 8
248 0
133 13
133 10
133 12853
133 16
133 17
133 9
124 12855
124 12859
124 12
124 12861
124 12856
124 12852
124 2
124 4
124 7
124 5
124 15
124 3
124 8
124 0
25 16
25 12858
25 17
25 9
241 16
241 12858
241 17
241 9
47 16
47 12858
47 17
47 9
16 12855
16 12859
16 12
16 12861
16 12856
16 12852
16 2
16 4
16 7
16 5
16 15
16 3
16 8
16 0
98 16
98 12858
98 17
98 9
30 12855
30 12859
30 12
30 12861
30 12856
30 12852
30 2
30 4
30 7
30 5
30 15
30 3
30 8
30 0
268 12855
268 12859
268 12
268 12861
268 12856
268 12852
268 2
268 4
268 7
268 5
268 15
268 3
268 8
268 0
260 16
260 12858
260 17
260 9
58 16
58 12858
58 17
58 9
216 13
216 10
216 12853
216 16
216 17
216 9
164 16
164 12858
164 17
164 9
28 16
28 12858
28 17
28 9
215 12855
215 12859
215 12
215 12861
215 12856
215 12852
215 2
215 4
215 7
215 5
215 15
215 3
215 8
215 0
32 12855
32 12859
32 12
32 12861
32 12856
32 12852
32 2
32 4
32 7
32 5
32 15
32 3
32 8
32 0
251 16
251 12858
251 17
251 9
186 12855
186 12859
186 12
186 12861
186 12856
186 12852
186 2
186 4
186 7
186 5
186 15
186 3
186 8
186 0
116 12855
116 12859
116 12
116 12861
116 12856
116 12852
116 2
116 4
116 7
116 5
116 15
116 3
116 8
116 0
138 16
138 12858
138 17
138 9
227 12855
227 12859
227 12
227 12861
227 12856
227 12852
227 2
227 4
227 7
227 5
227 15
227 3
227 8
227 0
70 1
70 12854
70 12
70 15
70 7
70 8
70 2
70 0
70 5
70 4
70 3
89 16
89 12858
89 17
89 9
5 1
5 12854
5 12
5 15
5 7
5 8
5 2
5 0
5 5
5 4
5 3
86 1
86 12854
86 12
86 15
86 7
86 8
86 2
86 0
86 5
86 4
86 3
188 16
188 12858
188 17
188 9
62 12855
62 12859
62 12
62 12861
62 12856
62 12852
62 2
62 4
62 7
62 5
62 15
62 3
62 8
62 0
79 16
79 12858
79 17
79 9
34 12855
34 12859
34 12
34 12861
34 12856
34 12852
34 2
34 4
34 7
34 5
34 15
34 3
34 8
34 0
49 16
49 12858
49 17
49 9
238 16
238 12858
238 17
238 9
29 12855
29 12859
29 12
29 12861
29 12856
29 12852
29 2
29 4
29 7
29 5
29 15
29 3
29 8
29 0
272 12855
272 12859
272 12
272 12861
272 12856
272 12852
272 2
272 4
272 7
272 5
272 15
272 3
272 8
272 0
94 12855
94 12859
94 12
94 12861
94 12856
94 12852
94 2
94 4
94 7
94 5
94 15
94 3
94 8
94 0
52 12855
52 12859
52 12
52 12861
52 12856
52 12852
52 2
52 4
52 7
52 5
52 15
52 3
52 8
52 0
270 12855
270 12859
270 12
270 12861
270 12856
270 12852
270 2
270 4
270 7
270 5
270 15
270 3
270 8
270 0
146 16
146 12858
146 17
146 9
153 16
153 12858
153 17
153 9
179 12855
179 12859
179 12
179 12861
179 12856
179 12852
179 2
179 4
179 7
179 5
179 15
179 3
179 8
179 0
88 16
88 12858
88 17
88 9
114 9
125 12855
125 12859
125 12
125 12861
125 12856
125 12852
125 2
125 4
125 7
125 5
125 15
125 3
125 8
125 0
14 12855
14 12859
14 12
14 12861
14 12856
14 12852
14 2
14 4
14 7
14 5
14 15
14 3
14 8
14 0
