507
33899 31736 290
31841 17968 293
59184 59106 277
60061 30086 52
14115 66385 17
27951 69324 71
69729 69724 50
50600 50601 67
64282 45092 248
18421 20018 71
43860 27093 277
61036 12309 172
65493 49100 27
49541 48930 86
18716 64010 290
48076 24771 215
14654 12425 28
17028 8162 304
231 34575 45
4483 15438 179
59083 1526 50
9495 39446 248
50503 55008 96
1880 34657 304
71368 41688 304
37475 26345 203
13623 39902 122
69340 7530 28
16789 33200 248
46629 46628 277
10861 14025 6
44692 44820 122
62817 40754 14
42622 12988 52
23081 48951 300
2714 42015 52
16375 4475 304
34265 269 248
50653 26192 183
29137 5234 27
46390 51832 296
75593 42746 300
11228 59823 32
27503 49503 52
23036 16754 248
39159 70291 50
1617 21294 71
51918 7770 71
11267 69058 304
34884 41595 32
70597 45028 9
13717 12788 16
25130 23393 27
65506 59730 122
36257 12832 215
9506 14306 300
57264 39103 248
30943 64012 16
54023 33703 248
34768 57058 27
53499 53489 277
53313 65731 71
31927 39818 248
5172 5171 293
55623 55754 277
50395 44780 277
31005 51322 248
40357 43999 304
42885 49456 289
17646 25001 52
2230 15906 45
10636 11486 96
2730 56586 52
38755 16775 304
50497 18708 256
52905 52900 293
55416 15064 289
51552 53771 300
2184 2187 27
53804 7302 215
10681 53962 27
56354 65521 32
1700 64115 122
42685 43511 215
28929 37419 290
22618 17977 248
46572 5662 45
54969 60695 277
41556 30844 248
45793 45805 277
16701 59160 290
17182 67875 27
16602 58609 45
8492 16157 16
5526 19669 71
16754 1001 248
35920 67659 50
52607 18786 300
18727 26601 248
19240 5526 248
13887 13883 96
52265 23946 240
64424 44780 277
29655 4174 300
52900 52905 296
78925 51589 300
31460 10403 290
48103 58932 71
55163 71109 290
61121 52678 16
47739 23801 96
38686 69202 50
25221 66533 27
42674 34099 248
63249 33703 215
76727 63667 304
57354 12750 16
60685 9567 16
13258 66127 50
7761 1563 183
20002 50858 304
33895 76507 304
48586 14929 183
42913 16018 122
63136 40457 172
49933 23202 296
20687 53802 183
52097 52097 9
47690 34918 304
63249 33703 32
9513 23637 304
41355 51916 304
51588 64956 50
66409 9725 67
65273 14629 96
42974 21411 296
47855 53296 215
18370 9010 71
49442 49430 50
30848 52570 304
50437 17126 289
13466 31873 16
47439 41164 289
3501 56130 215
1686 33208 27
825 32177 290
53780 10026 277
51625 322 16
31095 40437 179
10637 47391 96
56356 57947 232
4482 12289 209
63666 47855 248
65291 19894 23
37298 38877 289
21661 48658 304
19550 37901 289
50437 17126 122
53602 71148 296
58155 58148 254
58929 58929 66
9702 52303 289
63140 23734 161
31281 54754 248
45793 45520 277
58175 58176 197
8427 2554 122
31086 29649 304
6993 45616 277
2857 44702 248
16110 69810 141
8676 24 32
22318 52749 52
14865 18797 194
29912 38498 304
33130 64530 248
54452 49680 96
16437 14207 27
58906 55115 194
3163 65521 148
13973 13972 291
41451 32528 67
58372 65325 120
30079 70440 256
9694 66481 289
15906 59823 248
50483 9535 16
20083 10681 277
30284 64479 179
10681 38078 122
32011 19405 248
16112 42216 304
29120 2187 27
22856 73482 304
55292 3387 161
34675 33665 248
29528 44804 71
45617 19824 215
58155 30992 45
41722 57306 16
60552 48541 27
27940 1123 240
39031 55183 248
54212 24908 290
41484 21878 304
54223 30874 304
54155 42674 215
24812 38078 71
41845 5458 296
11313 44665 277
38452 64250 122
27970 43847 300
23387 12164 293
12443 67990 50
1264 17941 120
50040 66717 277
63869 67200 72
9232 68937 179
58152 58154 197
50303 54449 122
10861 47090 289
9701 60297 6
47425 33686 122
36067 11524 248
58265 60182 96
57553 39042 27
44354 37326 27
66112 45726 209
9925 20118 296
68252 7241 50
18351 47950 256
27735 46419 172
51498 2847 289
15679 34106 215
36240 65693 71
56134 76430 290
39455 59023 248
41829 5487 304
45133 44976 289
47427 31387 215
34723 20018 232
78321 59836 289
38937 21287 277
34918 47690 304
66342 42928 27
5423 5424 256
13566 27509 96
21431 21013 229
59931 17107 289
47855 64036 248
35603 35603 45
39073 31 215
68645 32460 122
65232 60410 277
62244 1665 161
12443 48378 277
32 22940 248
28501 42180 109
30079 60262 194
63204 63204 67
30385 30284 32
8768 65521 174
13204 17522 304
50813 11383 96
17220 15071 290
48955 15184 52
65609 65600 277
3353 28833 215
34736 64503 16
68225 20865 248
8719 50342 215
6988 37796 179
60061 18349 52
25008 25010 277
14922 13417 50
55737 28833 248
31085 34771 27
31613 32177 290
11508 39695 183
52656 19123 304
25844 27773 50
12187 23457 290
16701 59160 32
64104 9934 45
34884 16728 304
12526 10681 277
21711 57059 32
29947 5526 248
23433 32835 293
21950 48378 277
30504 36388 248
48713 31 215
26586 19624 167
12600 7139 27
36954 10522 72
39330 66076 289
5810 48009 14
20540 20538 96
16315 12434 122
54169 54168 122
30783 8222 122
47962 14306 300
55010 55008 121
55882 55880 96
19945 54112 50
38735 31841 194
38226 76451 290
14471 21667 290
56643 1221 229
65372 69135 256
19412 1926 304
16560 45726 96
1944 50869 304
47498 34563 248
58615 30366 183
57525 43147 27
7546 7549 291
66607 57544 96
67718 16622 122
33800 23506 66
30851 55332 67
51359 25555 296
30994 5136 71
41106 15599 16
31164 13419 57
24991 24723 122
55115 55115 277
41722 5558 16
42505 57890 152
13432 18349 52
45096 31511 248
30717 37796 179
34265 26444 183
5418 41663 45
1567 36768 215
5125 29571 52
54334 62672 194
30858 10681 248
30598 65604 71
12207 16428 248
68340 32342 45
7396 49102 296
65493 52427 256
26312 62243 86
56446 56450 291
47127 14122 27
24949 25256 289
16117 9461 304
13565 29889 96
54921 53804 248
41041 12217 122
31151 64306 304
41694 64503 16
3387 29656 215
52745 45101 304
50788 28935 304
31613 23355 194
32054 29412 71
20378 4174 277
50270 50263 277
29234 44804 71
44495 50180 277
44172 64516 179
76994 13902 300
40121 60558 308
51583 22940 248
31521 66146 179
63249 10522 67
22794 63395 296
49141 65041 122
10808 17442 122
42606 65566 256
69973 69972 122
53375 65608 71
11933 47822 304
29949 31708 194
65535 13189 115
52427 15295 256
30329 15600 16
5171 5170 293
58587 15865 248
34657 1880 304
61806 52094 161
35875 2795 161
7641 25549 290
38750 44172 215
30547 39042 248
66657 37769 32
51295 39042 96
70440 30079 256
2344 45562 61
54213 33885 248
1234 58594 16
39341 49968 96
46826 10681 277
42773 42775 291
37326 44354 277
45562 19369 71
12971 30284 304
13223 46869 232
41903 44629 50
54734 51473 289
19663 47598 277
15159 50669 248
52775 48160 304
25936 17968 256
31275 53221 256
62389 38960 197
11263 44804 71
35583 22433 122
55505 59494 96
16285 12516 16
30846 47976 248
16944 68465 215
10523 10525 67
60660 5250 291
11421 20640 50
59023 39455 248
29912 53755 293
68686 45611 96
69232 22982 300
41874 41872 61
39593 70012 304
30863 39662 248
29357 31032 249
33380 1206 203
62603 64356 17
17740 4800 122
11303 48118 248
24816 24958 6
55036 30852 304
9058 9056 122
57271 57272 256
55788 47268 304
11568 19566 6
19824 29650 290
51791 15637 214
33293 31075 248
9739 29403 174
31086 28056 248
2714 67277 45
28217 35342 161
11411 11412 277
41628 51862 248
362 66172 52
17943 49784 122
51369 23 16
27488 42426 45
45988 14651 96
62603 37034 161
28270 3847 61
7225 7225 66
62582 62583 296
20250 51136 289
44354 46457 122
34785 18512 289
15953 44119 122
63204 8703 86
817 30588 179
26349 27913 277
42084 16985 300
3320 63700 70
24384 24385 277
15862 65672 71
3277 32939 52
30758 64079 304
5418 24374 14
26705 44808 57
9706 15144 16
11402 7302 215
25127 39031 248
23342 5487 256
3472 19203 183
2022 54516 248
36573 7147 122
19141 27959 183
39980 46104 50
14009 14009 277
16775 38755 304
51710 53403 153
11512 16550 248
66539 81009 291
61929 17204 70
41556 2871 304
40180 7628 194
7150 31032 96
70663 10151 27
16383 34847 289
58557 41149 304
13484 21671 183
63035 11499 161
33341 23573 96
57134 42637 122
31159 57490 214
32251 64473 256
11421 20640 122
5810 8669 52
46149 626 296
35404 42643 296
66711 51809 86
64530 33130 248
7031 48378 277
63053 13126 14
17253 26009 71
28056 59278 304
31193 9515 32
54333 23860 248
