2437
14679 75272 313
22349 26989 284
33285 37663 118
39031 40811 281
32363 22729 281
43805 43372 279
14033 57827 311
28526 78086 281
19332 23745 281
53106 6815 311
16760 28399 281
58401 45145 313
39913 63543 313
31238 17114 284
62634 8068 82
35618 62893 315
34677 16394 284
32363 3943 281
46930 76898 315
43609 16080 281
4157 9513 78
53012 22162 281
10482 65379 311
55684 74044 313
41705 76302 313
69939 49143 279
48653 47168 281
9502 77503 281
51835 43494 313
32537 43707 284
60129 38954 279
18424 78526 279
53709 62706 281
64356 22361 315
2624 50499 281
30750 6975 313
38708 56920 281
19722 21498 281
22225 66370 311
17218 70267 281
13322 20588 279
58095 33036 313
52140 68415 284
35618 61374 315
48871 62015 279
50858 79261 279
17283 67516 211
54809 43018 315
15364 35601 279
32363 22373 313
47268 5561 281
40411 28743 281
65325 28076 212
19529 24909 313
24655 76336 281
64594 61737 279
11764 61010 313
19330 41965 281
52627 74869 279
14397 27367 281
61414 63151 281
48740 73929 284
47268 72279 281
57814 670 279
677 50440 279
11361 71860 311
15711 74822 281
31727 66879 279
8655 5172 281
38763 46552 281
65521 5888 311
21446 77081 281
19813 68312 279
30778 64189 281
15597 14577 281
58587 61539 313
49961 77267 281
11855 5839 279
14033 6515 311
40291 33263 281
44101 33266 281
66675 61071 279
41583 70019 284
7461 24332 313
16231 8339 313
46930 2909 315
32352 21150 284
61414 61414 82
37058 62862 284
13632 2943 279
9567 60935 313
18472 19909 315
57795 73373 313
3660 78818 279
16411 62828 279
30858 74286 313
19332 80206 281
44426 32947 313
65521 5894 311
66790 65560 255
50483 61809 281
19529 16094 281
59612 72523 313
52205 60690 279
21377 37958 281
24655 55956 313
11640 38281 281
31679 79919 284
1016 78280 281
29956 74614 279
16760 80785 281
55181 9339 284
63222 74705 281
23734 48458 279
30378 78168 281
7603 23591 313
57560 68503 281
34376 36179 279
33279 57485 279
65521 56387 311
19367 63149 284
10482 6801 311
48849 38026 279
58636 79200 281
4242 62848 281
46417 77537 281
15728 25673 313
9567 73277 313
34771 5965 311
55166 75231 281
64448 7269 281
55166 81526 313
19626 8892 281
62110 16030 281
26618 21610 284
10482 56407 311
16348 57984 281
11100 58494 82
64208 59481 313
65521 56377 311
57239 55510 279
56980 79141 281
42534 16131 284
46930 50125 315
49613 9706 158
38708 73505 281
17681 16968 281
52140 79183 284
29622 72796 284
48886 61347 315
30200 30204 281
58587 73982 279
60695 73845 281
36237 69597 313
2254 4374 281
58359 59590 281
48847 73235 313
42505 42856 242
65942 8494 284
34832 17440 284
39858 9139 281
36583 31290 82
14033 71839 311
45696 60384 311
50809 4938 284
65514 6856 311
25946 53610 315
5526 62177 284
22488 58041 281
36856 54980 118
65514 72983 311
15511 16903 313
69614 43955 281
57773 50303 211
29571 46092 281
47492 55107 279
28526 21603 279
16760 27796 313
59106 27686 281
50483 36285 313
19896 13404 281
58555 79399 279
12971 80380 284
56125 7091 279
10128 79974 313
9425 9348 279
17463 44658 84
13486 20231 279
11924 61523 313
52924 79768 281
9502 60420 281
10403 77536 284
67424 67428 255
14237 73228 281
15367 8788 313
41233 81227 281
19332 55445 281
11938 74862 279
10255 58248 279
25137 81555 281
18424 7721 281
27459 6748 311
3229 62937 284
52836 80413 279
28492 80477 313
69803 57363 211
59827 1559 82
13866 72475 313
23317 74331 313
56586 71236 281
53168 71407 284
40045 14330 279
46930 34078 315
26618 57345 284
15171 63926 279
58020 73813 279
42950 42952 281
48587 79818 279
64083 57179 281
45562 71433 281
25033 55622 279
34771 5871 311
52570 32413 313
22807 62478 284
16760 57108 281
44423 62481 281
47127 6806 311
40059 77121 281
34736 37718 281
67906 2975 281
53776 12525 313
52981 66903 313
65521 72040 311
15968 62692 279
54214 70816 279
42369 55203 281
48602 60544 279
62436 59573 281
40094 62737 284
41106 59437 281
47425 71644 311
16348 60659 284
55276 71996 311
31480 69491 279
27459 55566 311
54400 63835 313
56094 10209 284
32363 60629 281
18679 17546 279
52599 46242 284
21888 61412 281
42369 73831 281
7461 36477 313
22858 15561 281
53012 80441 313
20372 62927 279
47037 74435 284
51192 79973 279
20878 65317 281
38923 54000 284
53106 6104 311
16348 21245 281
58152 36847 270
21446 27687 281
17648 17648 82
9567 74742 313
65521 6669 311
31437 80810 281
30750 63902 313
24358 47138 281
41106 53731 281
54330 76836 281
5677 71689 281
28231 75000 281
57814 42970 279
34771 78996 311
27735 10046 78
47492 60756 279
12187 61765 313
35618 62483 315
30858 12573 279
58591 19787 284
25033 50134 279
46417 74199 281
56586 66540 281
39031 14041 281
18455 63014 281
65325 53129 212
16348 15452 284
25019 80794 311
30750 21599 313
56706 466 279
15768 62936 284
46417 74487 281
44456 18010 281
29571 76763 281
54274 80431 284
21888 52824 284
11640 46538 281
16661 56224 281
48847 75253 313
48676 27712 279
57525 6257 311
38923 11549 313
58355 37108 284
3169 51066 284
27887 71285 284
18472 38135 315
33692 35404 284
65521 6623 311
36583 26921 281
17025 17026 281
34736 63837 281
29571 73762 281
10088 28988 281
28929 59062 284
14033 21090 311
22983 45589 281
27459 6328 311
34165 75320 279
32888 62026 281
56586 2730 281
48082 60246 281
12971 7672 284
14033 6669 311
22046 25444 279
30564 58627 281
2278 68317 313
35250 65106 212
11640 45840 281
64083 46589 281
46409 54182 281
31014 77047 281
39348 77207 279
45053 57150 281
21793 70297 284
70419 41417 281
14691 6469 311
59756 52890 255
27568 63196 279
61414 77470 313
26630 62476 315
51833 8370 281
41846 35622 281
41177 72417 281
11784 72936 281
18123 58086 82
27381 63200 279
32725 62708 315
15798 56906 279
39858 44587 281
20305 5773 255
34768 78777 311
64066 16087 279
26568 80158 313
66107 61581 279
53749 27862 281
29873 73514 281
41484 70513 279
44426 44427 281
19332 19337 281
21793 49317 284
9202 47734 281
30378 81288 281
48819 71172 313
25301 61431 279
41283 79144 313
14033 6613 311
47425 56299 311
38953 3086 78
63450 20433 281
15813 80331 284
34771 5990 311
47127 6379 311
68465 57008 281
19330 50329 281
11361 6521 311
22349 56142 284
30985 70280 313
28231 65971 281
53709 64589 168
1639 53030 279
45023 74325 284
48093 48462 281
65521 71853 311
16660 48997 281
79636 49989 279
48082 48056 281
19813 64607 279
39431 72616 281
1507 73287 284
52140 77424 313
39031 80769 281
3133 8453 281
42152 34718 281
48012 20238 279
15032 18865 281
2003 71277 284
40357 81146 279
53114 6789 311
29952 77138 284
19064 46506 284
22026 49844 279
14033 6183 311
57525 79554 311
25298 57315 313
53114 5869 311
63450 62883 313
32537 62523 281
54799 65463 311
3169 495 284
40411 27257 281
49741 75188 311
65521 72692 311
16739 78003 315
25797 54003 284
13632 15063 279
10482 6473 311
45040 78091 313
53012 68327 313
15864 80591 281
38948 56186 281
29137 46766 311
10403 80125 284
15321 21021 279
16101 58174 281
46930 55264 315
13318 73239 279
31290 8310 313
64083 7719 281
26288 5626 281
55731 80897 279
55166 73326 281
32571 65095 313
67952 17545 279
65521 55254 311
15358 80539 281
33200 61538 279
61557 3153 78
44423 5545 281
10861 46790 311
13259 26453 279
52851 2538 158
35447 30991 82
51835 52308 313
21793 35852 284
42152 81417 281
31955 64548 279
11640 36905 281
17463 12500 84
2120 78187 279
550 11403 270
7461 59197 313
14033 55238 311
64470 64472 313
56352 78077 284
32363 23986 281
53296 74691 279
64356 61846 315
19321 75240 281
65521 71930 311
33866 69793 281
47936 77504 281
48871 25672 279
12378 76391 281
21377 5329 281
65521 6441 311
14033 71856 311
30117 46498 279
56022 77416 281
16156 38805 313
11924 9578 281
44426 13127 281
17220 61310 281
56586 16635 281
26758 61924 313
10523 65521 211
9944 75927 279
19721 74687 279
26758 77944 284
1507 78725 284
51068 16337 281
41835 72973 279
61036 32493 78
21446 20298 281
48610 50430 315
32363 25110 313
34771 5856 311
56980 76622 313
11640 28574 281
52930 61050 281
48526 73605 311
14033 6475 311
52981 59404 284
40291 72450 281
60695 75031 281
14033 56414 311
15358 80281 281
20519 49041 281
9513 9110 313
16106 49969 281
19321 10889 281
40411 18784 281
21212 79765 281
10403 8544 279
13033 1275 281
21888 42466 281
39858 63853 281
16661 73314 313
10861 6151 311
5458 26284 281
63208 63722 78
13053 62694 284
44363 63088 279
41408 32391 284
14033 6192 311
34755 79390 284
18415 47744 281
52656 49302 284
2137 16712 284
19486 77580 311
30378 28396 281
14133 32888 82
14033 6238 311
70048 36060 313
54330 72801 284
53192 11407 281
38094 74424 281
48545 14023 281
65514 74004 311
49051 77455 284
39071 71141 279
40754 38681 281
10038 60607 281
53198 49892 281
12971 2478 284
56980 63176 313
63666 8890 279
53114 5995 311
51165 74653 313
38049 76429 281
42346 62168 281
51144 75120 281
52981 81134 313
69614 56881 281
50345 2951 158
60695 70103 281
44426 49859 313
63686 64914 315
48116 1247 284
39031 81274 281
50483 51651 281
19321 62315 281
16925 496 313
34107 366 279
8067 16393 281
1179 21253 313
34832 14638 281
27381 39187 211
38079 45630 211
30182 78898 313
55166 80429 313
30750 20431 313
10482 5945 311
48871 62126 279
19486 77228 311
9957 7931 281
14033 6733 311
35618 61682 315
48911 51502 281
48692 22396 313
59780 41391 279
30682 60755 279
31347 55510 281
70540 43598 279
56980 73402 281
67255 14152 313
9928 14670 284
19576 76687 281
32102 66452 255
21862 75106 284
64104 12184 270
7347 78739 279
29997 74457 281
52659 72690 279
16760 60215 281
65521 71892 311
4934 79092 281
12187 529 281
42534 51535 284
17492 49497 315
31290 62812 281
67291 75290 281
30378 20790 281
33866 62067 281
23321 24088 281
54214 13125 279
51607 6488 311
30997 39366 279
42152 42156 281
40838 52796 313
50640 2641 281
52981 80715 284
7461 22950 313
5687 63072 281
31872 56627 281
41809 61877 284
42152 74310 281
35618 52277 315
55926 70614 279
48584 61863 284
47492 8332 279
30378 30380 281
9208 11418 284
26019 43405 279
17292 80030 279
22225 72029 311
34785 6808 311
55684 77833 281
67291 61670 315
50815 54993 284
8120 43624 313
19330 73594 313
17292 57094 279
68465 43745 281
65521 6026 311
22964 23639 284
68647 61884 281
19727 50470 284
21469 37211 281
54230 24091 284
61414 63311 313
19330 80553 281
68465 63074 281
53114 5893 311
11482 45938 281
59024 32880 82
44456 77427 281
64324 68597 281
20169 64762 118
38923 38350 279
14033 71936 311
42163 72418 281
33293 22517 281
28231 63474 281
45053 78714 281
64208 46097 313
42606 38819 255
10482 71985 311
37058 71119 284
29724 16120 284
48658 9258 284
60695 79753 281
65521 56797 311
52981 4679 313
45269 8324 281
5687 79372 281
52981 29375 313
44410 575 284
16231 58733 281
15367 14310 313
66147 11891 313
30182 63198 281
13259 62356 279
2278 63541 313
40357 80242 279
11784 80228 281
65276 2650 225
65514 46770 311
23645 69451 281
40121 79701 281
56352 72795 284
22349 70017 284
48082 67599 313
21212 59916 281
40291 80461 281
12892 12893 281
65566 65562 255
60695 71379 281
38079 69467 211
19321 579 281
52981 67578 313
38923 62498 313
53136 32100 78
45269 28372 315
64339 20118 284
22982 42339 281
21793 75264 284
38923 38887 284
65521 6653 311
51226 62772 315
40121 37201 315
65521 6721 311
20020 60212 281
68465 65008 281
35618 36950 315
14926 69486 281
11305 67574 281
31290 47174 281
10088 75625 281
15626 81530 281
29952 74006 284
10088 14930 281
15728 2308 313
14033 5872 311
16760 7051 281
56586 44811 281
19330 23755 281
19321 62316 281
26288 2288 281
53296 73026 279
38948 59448 281
48545 77945 281
4140 72220 313
60336 15997 284
57030 64525 78
60070 17148 284
41404 76927 281
40473 60775 279
1179 43389 313
10088 79918 281
50809 78703 313
11508 78734 279
59106 30532 281
70663 10151 212
56465 61801 315
45269 26785 281
32537 70136 281
24368 20118 279
31290 48994 313
14248 41966 279
64208 61983 313
15944 64800 281
51068 60680 281
65521 71714 311
51975 25511 281
67291 80369 315
48082 56507 281
15096 15099 182
38923 34558 313
41177 70299 281
50345 22735 158
21868 34760 284
46930 19530 315
15717 9015 281
69698 58173 281
35211 6071 311
30819 64537 281
52836 7356 279
29952 80326 284
65521 6024 311
54274 68286 281
31453 49304 315
47127 6469 311
4934 81239 281
36813 70865 281
5669 21023 279
47127 71848 311
2860 44572 281
2860 77140 281
3229 63263 284
48157 28566 281
15798 37203 279
69939 20318 281
17355 42389 281
16760 74918 281
39031 14047 281
14236 34936 279
60695 8373 281
45269 70691 281
15728 61405 313
65521 5978 311
55164 77223 279
65514 71817 311
48082 23532 281
17209 39591 315
31860 28329 313
62389 1210 270
21469 73992 284
50809 71297 279
45037 44998 281
60695 68351 281
4466 11825 279
16455 72283 279
35618 62845 315
56125 77475 279
30378 75403 281
25760 8595 281
15626 79263 281
46420 79793 279
1873 61227 315
40411 26772 281
21685 23039 279
17355 61256 281
3988 75273 281
32916 19603 281
29137 71742 311
15728 176 313
56645 6363 311
51192 75920 279
13517 72415 313
58592 80416 281
26630 62722 315
8120 36969 279
1553 71054 281
14033 6689 311
29684 5230 279
1880 2490 279
53114 6300 311
30778 68407 281
15860 76096 279
11640 80743 281
30329 17812 82
15634 63285 281
30569 63301 281
29350 72048 311
21722 14115 284
48676 79649 279
31478 63514 313
67163 62270 311
18455 77039 315
25687 41203 158
34884 47842 279
55076 33210 279
68741 545 279
47127 56405 311
50956 50958 281
37796 54431 279
12187 27232 284
55772 81112 279
67255 20173 313
29571 61728 281
9567 68232 313
52646 46845 284
322 5335 281
64306 42487 279
56586 62267 281
1160 80086 313
15358 80432 281
67255 47573 284
64208 81140 313
56912 9555 78
49484 40892 82
15597 76370 281
53313 43751 279
36583 76126 281
34657 45372 279
22225 12719 311
67424 44700 255
53189 60617 313
53106 5928 311
32571 56076 281
63986 17695 281
55123 70430 78
55466 75435 281
15634 70252 281
39858 43695 281
10482 78535 311
33293 59063 281
14033 71924 311
58370 69473 281
35618 61781 315
30847 60383 279
14033 4645 311
46930 40579 315
51165 76299 281
26030 45282 313
40411 62826 281
9513 78106 313
4255 2892 313
19288 79772 315
60695 69494 281
56579 72453 281
68120 68117 281
2795 72164 279
53114 71998 311
14776 54288 158
49961 60769 281
51343 60812 313
322 30700 281
47127 78969 311
39858 38842 281
65521 5950 311
16411 62183 279
11305 7118 281
16231 3777 281
61414 73637 313
2860 79542 281
47268 76297 281
50956 50957 281
29571 2996 281
43609 79318 281
8120 75244 313
9513 24634 313
18472 60008 315
9567 56919 281
29952 80055 284
57814 45319 279
32363 26793 313
13033 64549 281
16925 74519 313
41106 67074 281
19332 57665 281
29997 11763 281
29148 21189 281
16701 33309 279
31860 80731 313
38763 77479 281
15511 69284 313
15070 45597 211
63959 77937 284
50483 20707 281
50593 70071 279
66965 43412 315
48928 6226 311
51833 26261 281
34755 60974 284
31446 62582 279
29137 6412 311
19486 6847 311
31478 77714 313
65521 74096 311
44770 3510 82
65521 6089 311
39858 80872 281
26638 70880 284
15511 63840 313
49611 57342 158
48126 63424 284
65514 79498 311
5072 44908 313
15728 60890 313
23843 79937 281
34755 60528 284
69300 62880 281
16156 20320 281
48824 9033 281
45407 15214 158
21668 79873 279
33866 33867 313
44101 75007 281
60123 64559 279
32363 81473 313
3229 62596 284
37453 76750 279
17283 50303 211
46930 54071 315
32537 24634 284
64083 76192 281
23111 75115 281
12892 28144 281
24158 1008 281
1507 80045 284
44140 63302 279
16231 76374 281
23321 2593 313
34736 37719 281
24158 24166 281
10403 14222 279
8101 60854 279
41283 16721 313
18468 3838 313
22488 2699 281
26030 48808 313
41578 16980 313
48012 49620 279
47359 4830 260
34736 28768 313
64342 7878 279
66147 73352 313
53106 72059 311
56022 62172 279
57560 28997 281
18424 72269 281
27887 77114 281
26758 80318 284
17355 72681 281
30564 81460 281
8040 61907 279
44363 27586 279
31290 8318 313
22046 8999 281
31131 28779 284
43073 41262 281
39858 76609 281
34382 54838 279
65374 49993 279
5677 39467 281
50809 8912 313
59908 70511 281
61833 68891 78
69662 60897 82
34784 67378 311
38763 79233 281
39031 37229 281
48545 61115 313
54330 60770 284
57525 33571 311
9502 15976 313
17025 45831 281
58636 969 281
46930 63294 315
48093 7009 281
322 56721 313
32760 16636 281
30640 60565 315
58394 62554 279
21212 37655 281
50483 75433 313
53114 72072 311
34832 393 284
22816 14115 281
52924 73500 281
28492 8962 313
41815 72462 281
62299 32898 78
31290 948 281
10482 78979 311
27459 28161 311
64441 64443 281
21888 79739 313
31338 76969 279
48082 17697 281
35618 61752 315
28833 12695 311
45441 73365 281
59246 17941 212
4619 71949 311
30242 78088 279
9502 9503 281
24158 24172 281
7984 34846 284
47127 56408 311
19332 46555 281
24767 72304 315
15364 22751 313
32725 65429 315
19332 52825 281
36583 76119 281
45460 45460 158
32043 78172 281
34736 79830 281
39833 61050 279
19064 71229 284
41766 58230 315
11640 28700 281
48835 78843 279
22574 62365 315
15728 64151 281
22807 20282 284
14033 6063 311
30750 78892 313
9928 8345 284
18455 60606 315
36583 8310 281
22225 74145 311
36236 61792 313
20521 70609 281
23843 44581 281
24632 71848 311
39749 77265 313
49961 54001 281
31518 80522 313
8131 76481 313
58446 17586 281
49250 11548 284
41233 28537 284
13517 62549 313
17218 10406 281
48740 60944 284
11640 36895 281
19332 73407 281
38923 4575 284
10861 6320 311
30750 36319 313
22964 60987 313
58394 79923 279
65521 71814 311
41110 14046 279
15698 73578 284
19877 14821 279
47127 6377 311
27381 44665 211
32363 40527 281
34106 19481 279
44456 16557 281
47127 6701 311
28231 28255 281
52140 34774 313
14033 5997 311
27844 80968 313
47037 31496 279
63667 65530 281
44426 78443 281
58020 56203 279
10403 72975 281
33203 38246 281
53114 6235 311
33293 55597 281
7343 75784 281
48904 68322 279
27887 6875 284
55166 60801 313
58555 78877 279
16502 3760 284
19693 54068 266
12309 52868 313
59106 59104 281
34660 79290 281
32916 73890 284
28929 64146 284
59908 80074 281
3766 18424 82
677 76810 279
22046 41026 279
30200 46544 281
17218 24108 281
4140 14224 313
47549 75290 313
9502 43022 281
44165 34790 279
67214 74388 313
38708 49578 281
2254 74867 281
24807 74084 284
65514 6566 311
44101 24609 313
11640 37652 281
60695 24253 281
64104 31176 270
52981 80060 284
12921 28377 313
48082 76784 313
30067 61325 284
44363 56543 279
44426 76188 281
22349 77912 284
9973 61855 281
31238 64771 284
21212 3279 281
31290 43190 313
55276 12714 311
14397 77090 281
54516 25671 279
34736 26339 281
48267 66882 281
58485 41441 281
10861 6064 311
11640 57361 281
18455 38829 315
16156 59238 281
23843 25008 266
12187 59163 284
27381 51717 211
45558 28732 284
56586 48925 281
54668 21327 281
38079 4055 211
19877 64546 279
56094 74661 284
58021 61072 281
8730 73460 313
46930 1429 315
52381 73903 315
8131 76481 284
1179 56333 281
64324 54844 281
69220 63457 279
18393 72156 279
3988 80894 281
63955 58216 313
26015 61569 313
55684 73769 281
65600 58304 281
55684 49461 281
42057 43953 281
16958 61510 279
53189 77418 313
59908 52107 281
31238 75285 284
57525 71895 311
64841 79850 313
42152 61062 281
9232 2668 281
64441 36972 281
58977 6274 311
64208 24582 313
53478 53141 279
33112 62063 279
2624 59456 281
1749 75763 279
12921 58742 313
34407 16934 279
42152 18012 281
11378 9662 279
38054 80143 279
51730 56955 158
46853 51187 82
58399 49449 313
65521 44952 311
11482 74952 281
36813 36814 281
43848 35252 311
19321 57318 281
48835 62387 279
59106 30537 281
32194 61601 279
34736 34737 281
16231 51080 281
44363 60757 279
7347 25634 279
65870 12876 158
41809 75095 284
53012 28772 281
8013 78293 281
15717 79362 281
48082 31102 281
13318 77412 279
26630 62553 315
54330 62228 284
58153 41722 78
12574 72798 311
10482 6568 311
15931 67051 279
41408 56230 284
28453 4670 315
29323 54993 279
9415 11822 279
15599 40459 281
51226 34630 315
69220 46504 281
14033 6227 311
65521 6037 311
26638 37597 284
8120 13569 281
64714 60221 313
32294 50635 315
33293 74346 281
3633 20227 315
45565 79930 281
32363 37842 281
32482 10713 281
1553 74967 281
21862 62693 284
34736 19043 281
2624 16723 281
45452 55854 281
53106 5895 311
58153 22970 78
48824 12618 313
58482 56860 313
49906 55689 279
29137 77578 311
17492 42473 315
22046 1114 281
46930 62875 315
34785 5925 311
65514 6398 311
65521 71773 311
50492 2304 281
56980 79016 281
4466 17827 279
33203 68605 281
69698 73832 284
12892 72836 281
56586 71242 281
53005 22256 279
10522 71598 313
30852 48239 279
2537 45919 158
17025 68529 281
11640 36902 281
60517 43359 313
15833 63099 168
17355 5483 281
15813 79879 284
62110 37656 281
31425 75494 281
39031 39037 281
15580 11630 279
54145 21498 279
69220 42721 281
4303 60722 281
4619 71953 311
17512 27691 118
4619 71959 311
2860 75110 281
40411 17652 281
9502 63836 313
30750 63520 281
29571 62535 281
23321 64977 281
29137 46731 311
9567 62094 313
44456 14404 281
65521 6163 311
18080 31498 82
34886 75909 281
16753 77219 279
22225 81115 311
9967 37702 279
56596 78516 281
64444 61729 279
65585 49837 281
14679 75272 284
47657 77471 281
20521 68487 281
15944 63231 281
9567 78227 313
32281 67836 279
55926 60604 281
8162 37549 279
11361 71969 311
12741 61308 281
14033 6187 311
65521 6061 311
50492 9661 313
15597 68244 281
58020 46500 281
62436 77636 281
48957 76313 313
64342 80698 279
15511 74694 313
54755 35571 279
30863 62571 281
7738 28380 284
27304 68340 118
45291 2512 260
3277 63986 78
18472 37779 315
38973 12706 279
75785 64559 279
18472 7786 315
55926 3258 281
59612 80838 281
33866 58785 281
52851 23794 158
22739 50374 281
2666 28998 279
50345 4201 158
55065 69600 313
31478 78828 313
50131 9465 78
48824 20428 281
43073 77356 281
19332 21403 281
32469 53596 313
58496 61349 284
29571 61511 281
9567 79259 313
41518 1304 284
44426 51270 281
39749 58985 281
16231 79712 281
677 73264 313
47549 37741 313
29571 41071 281
9567 59064 281
7461 79657 313
29247 61816 281
68682 8966 279
25298 28282 313
15864 57558 284
56586 71235 281
14397 41490 281
48367 28536 279
15711 80520 279
51082 67841 279
30863 76471 281
65524 6471 311
41766 68573 315
11640 37880 281
34755 14084 313
15813 81524 284
24655 62776 281
44007 61707 281
47127 6243 311
16156 38133 313
50593 59146 281
19332 67771 281
53198 58153 168
20519 61699 281
41137 72648 281
55166 48817 313
48082 74348 281
34660 53119 281
17681 62743 281
17413 21206 279
22349 35049 284
16231 76380 281
65521 6481 311
23062 72615 279
48957 79325 281
18988 71997 311
65521 71794 311
14929 4579 279
1507 73396 281
18455 19036 315
63304 12741 78
41177 28360 281
40084 10981 279
55807 8840 279
18424 69759 281
47268 77650 281
11037 3003 279
56980 60430 281
34784 5998 311
5672 56860 284
13031 40059 313
65514 46778 311
14033 6163 311
13961 78867 311
37453 80294 284
57560 28745 281
29571 71523 281
4466 71585 279
66539 57517 311
65514 72980 311
41809 75991 284
11640 73076 281
11482 21445 313
64324 57483 313
32084 37521 281
40838 75241 313
15809 36463 284
17218 79924 313
11640 78561 281
1553 5146 281
28267 62945 281
31287 71253 279
48082 21027 281
21862 55511 279
12187 61007 281
45452 70716 313
22488 14344 281
65521 6392 311
41628 72175 281
17463 10669 84
47268 79244 281
9514 27061 281
31131 21686 211
63222 25509 281
19824 61854 315
17487 74557 315
49785 45401 315
46450 76991 279
41447 63897 281
19332 22476 281
16760 42480 281
31860 51672 281
38049 21145 281
34106 28531 279
50829 673 279
66602 62131 313
64841 78336 313
44007 61707 313
31679 11494 284
52656 38913 284
30067 80033 284
55166 5191 313
3229 62442 284
16112 80722 279
67382 23621 260
63450 69738 281
59588 36562 311
39695 73456 279
31518 67827 313
69856 42222 313
54148 46898 284
48886 17577 315
19064 71229 281
26630 29396 315
1667 61050 284
53709 72664 281
49108 72157 281
58581 75443 281
28876 40608 158
56352 77110 284
18966 37191 313
35921 25453 182
48082 63290 281
14033 71842 311
26618 45708 284
30819 74774 281
69437 79960 281
55624 43076 279
58355 73873 284
69614 76150 281
3363 30712 270
17209 24571 315
50483 81496 281
31105 70853 281
15728 80234 313
65521 6261 311
39913 13584 281
10482 56408 311
47912 14104 279
25582 79143 281
10046 59222 284
65521 18227 311
39031 28397 281
58020 75873 279
3194 66968 284
34736 76744 281
58136 39834 281
69220 14495 281
18472 48469 281
5487 17666 315
47127 78688 311
65521 21078 311
19486 72098 311
55276 6734 311
11640 30613 281
40059 50143 281
46930 39095 315
57246 21304 281
31860 27546 313
36583 76122 281
48624 63419 118
52408 21443 279
3988 3990 281
66965 62060 315
17646 25001 78
40411 16997 281
32537 62195 281
15768 73155 284
48082 49221 281
22807 25631 281
16455 34762 279
17371 17371 158
70187 68249 281
41705 59938 313
11378 43385 279
5677 80341 281
22010 80417 313
20020 2356 313
17355 51533 281
14033 6730 311
16661 64630 281
3229 79798 284
34409 77368 279
35211 80633 311
19367 62864 281
55000 37923 281
16739 61108 315
55276 11886 311
31875 52900 284
26829 32950 315
18556 48950 315
41583 42148 284
48740 74208 284
12187 526 281
36813 36814 313
2624 5150 281
12198 14044 281
16159 61168 279
1179 58427 313
17355 62547 281
64208 3535 281
15711 74822 284
15358 56235 281
32464 28735 281
52924 5120 281
16156 46567 281
7461 60479 313
41283 37205 313
20294 44495 158
31290 36587 313
51975 979 281
14132 12876 158
48090 57187 284
59908 26310 281
66627 66991 281
67291 29455 315
30021 77113 279
54506 62042 281
51226 60815 281
21377 2318 281
70048 661 284
16156 63481 313
36813 63533 281
12811 68491 279
45558 20930 313
16661 49217 313
15511 74249 313
48568 73127 281
48957 27330 281
35618 61465 315
53168 62179 284
3988 561 281
12892 10901 281
52708 28164 279
38079 46228 211
13033 3591 281
28929 75766 281
60070 61766 284
25298 43722 313
19321 56862 281
58592 5172 313
34407 47574 279
27459 5960 311
62773 31872 78
51265 73641 279
65521 71902 311
8849 79180 281
65521 46775 311
30378 19906 281
62436 58636 82
62306 30845 78
8162 20601 281
21212 26859 313
11640 72537 281
34736 79510 281
29584 62021 168
65514 6799 311
48093 74476 281
58020 62807 279
15162 64872 284
15511 76398 313
19321 19002 281
32888 16135 313
22739 68297 313
12125 60640 315
12187 80420 284
63468 22853 82
51068 35774 281
18155 30609 158
7739 76628 279
32537 61580 281
26758 80407 284
33026 81528 281
58636 57674 281
69856 75270 281
34677 67376 284
31287 60605 281
11924 80727 313
19486 77659 311
19486 6545 311
19321 73702 281
15711 27743 281
27174 25686 158
36253 48474 281
2254 4375 281
29137 71954 311
65521 21085 311
63986 78809 281
34771 71771 311
56586 73304 281
60695 60701 281
27950 42462 279
4619 79164 311
65521 73988 311
33866 27731 281
57966 38027 281
31518 57600 313
26568 24123 313
44410 42439 281
37184 77715 279
41283 29348 118
53176 8966 281
51068 62300 281
51226 49587 315
10861 6393 311
41666 73992 279
45558 62663 284
14033 72044 311
31736 61856 284
11640 76956 281
23317 70858 284
24655 9116 313
70419 49152 281
29247 55654 313
69939 69897 281
27459 6244 311
22225 6838 311
59612 76895 281
16814 37196 281
47127 71934 311
65521 6466 311
5256 79801 279
52924 73819 281
14033 77041 311
26568 61449 313
69212 9265 118
64083 80808 281
51975 37672 281
18455 27244 281
46930 29048 315
2245 4945 281
41776 12925 281
19332 2328 281
65521 6079 311
30579 51335 284
50640 75714 281
12811 71612 279
65514 37288 311
19332 73708 281
55163 79114 313
22807 80071 281
64841 75232 313
38821 64544 281
40411 75121 281
52014 81285 281
54214 14782 279
56980 27545 279
11622 5520 279
47950 71265 279
54755 55622 281
58566 74053 281
9202 65208 281
47268 67124 281
29571 3007 281
25137 62940 281
22064 61080 279
32571 57234 281
9567 73428 313
40440 63281 279
40402 40401 255
65514 2541 311
36583 76135 281
12741 73539 284
4085 75931 313
12747 31305 313
31736 394 284
51835 13648 313
22301 15697 78
7461 52181 313
4085 62986 281
54799 71883 311
64251 14311 264
12187 27232 281
64083 60723 281
23317 80370 284
40411 20621 281
23843 81310 281
47817 67761 281
10802 66155 284
22225 77801 311
55166 21477 313
12378 79539 281
40121 62224 315
37453 75219 279
66015 16325 279
19064 61917 284
15032 5644 281
30757 59263 279
62306 58387 78
11640 72242 281
22337 22509 284
25001 79895 284
715 1273 313
66147 75999 313
47549 639 313
41404 81232 281
67222 29379 279
16760 75008 281
26638 51534 284
3229 61446 284
17492 29604 315
39071 28784 279
60130 13794 313
4085 71447 281
54214 71326 279
53709 78157 281
27459 6459 311
64441 75029 281
33377 54845 281
41705 71295 281
53210 77524 281
48849 38965 279
44131 39381 279
48886 57083 315
19332 27266 281
65521 6115 311
34755 17930 284
57525 72039 311
14033 5888 311
17487 62585 315
40242 29714 284
8131 79304 284
40059 41454 313
19330 43694 281
15358 20180 281
14033 6323 311
27840 80288 281
42152 42153 281
58636 58637 281
24655 75179 281
26288 7045 281
48545 74986 281
28430 28948 284
1330 30371 281
2873 22414 281
65521 6266 311
28231 78724 281
60665 52371 82
68682 80275 279
34884 63168 279
21772 60096 284
31086 63101 279
52646 61599 279
56980 77084 313
57553 81116 311
29707 62143 279
40285 56290 279
52140 22564 284
49108 21382 281
48526 77559 311
2727 63986 78
51975 2811 281
65521 6097 311
39858 72601 281
9465 78539 284
65514 71820 311
10038 62537 284
31014 62542 281
30863 3282 279
13466 63274 279
50858 60651 279
50483 471 281
9567 6926 313
25137 38680 281
11248 62760 279
47127 6260 311
39031 37232 281
50131 44339 78
31290 27689 281
39031 28274 281
30378 81238 281
25734 77511 281
8117 54933 281
67705 73455 281
40411 66925 313
38923 61867 313
19321 24844 281
49051 39347 281
14397 18813 281
29622 61261 284
48676 63832 279
32901 37509 281
16101 37019 284
69939 61447 281
52514 53968 313
3229 62208 284
22739 80979 281
65514 987 311
40411 41941 313
40045 77878 279
40416 62863 281
58096 62700 313
51244 79410 279
16290 61289 281
64083 50144 281
32092 16822 313
50809 70893 284
14033 71838 311
16925 25553 313
47127 77622 311
68465 46585 281
57246 79515 281
50483 470 313
3611 16712 279
2748 28846 260
40838 21399 313
66541 66539 260
19829 68484 118
55166 81215 313
24632 77229 311
80697 64559 279
12979 63037 315
10403 60808 279
48082 65419 313
58021 57649 281
25298 62905 313
31478 412 313
43640 9001 158
19626 3795 313
11482 5164 281
30378 8308 281
16231 5400 281
5387 37530 313
47817 58628 281
52514 23981 281
8945 74055 279
38923 62972 284
45441 73370 281
8849 74655 281
40737 26115 279
4934 77155 281
68120 68118 281
52959 77360 279
22349 74764 284
47549 57216 313
30943 45903 279
20121 35059 313
34755 51288 284
10038 34751 284
62436 70525 281
58458 59264 281
21212 79859 281
26758 10702 284
30378 72590 281
11640 46507 281
48740 24650 281
10482 5927 311
13749 61771 279
65521 5972 311
31238 34729 284
48658 80637 313
44426 67849 281
23271 27467 315
30569 71695 281
50593 26864 279
16156 28736 313
58555 44244 279
40094 61964 284
28231 28239 281
31245 74306 284
31727 81271 279
46930 41255 315
19321 8569 281
43805 62988 279
19877 45730 279
65521 6350 311
32294 50628 315
15634 72667 281
30985 74419 313
35618 60836 315
41404 41261 281
60317 60804 279
29148 11007 281
25077 20154 281
34755 60974 313
34755 61368 313
42346 34477 281
66147 29066 313
64441 65367 281
10403 79963 279
44456 70697 281
51843 3778 313
19321 8930 281
350 79884 281
28492 70265 313
22349 15043 313
59106 58132 281
11640 55402 281
11640 87784 281
45696 5954 311
64768 6639 311
30750 78254 313
38923 14870 313
25734 1291 315
11482 24017 313
50492 44272 281
48824 28763 281
44426 79716 281
21377 76201 281
32027 78267 281
60695 45906 281
9502 28301 281
14033 6579 311
2865 68198 279
22964 61477 279
46979 81006 281
64470 28339 281
15728 72787 313
69614 18319 313
55166 52799 313
2860 5114 281
21377 77538 281
52981 61664 284
28267 69896 281
40291 72964 281
34165 78517 279
706 60855 281
51833 80261 281
49741 55246 311
66539 79055 311
16231 76369 281
69018 57045 118
17681 73114 281
12921 22405 313
8131 51734 281
55166 60213 281
48082 52862 281
40754 76973 281
65521 71768 311
32353 71002 279
53106 10924 311
59106 75419 281
65521 55548 311
54809 74897 315
44426 80546 281
52959 80295 279
38923 63338 313
9567 81422 313
25946 74835 315
30750 21183 313
48713 28771 279
42152 76920 281
20372 80522 279
22349 23631 284
40121 60591 315
47425 71933 311
16455 51382 279
65521 6025 311
54668 27143 281
3229 62149 284
48670 50164 82
50593 45841 279
62110 2840 281
47492 79717 279
19626 55962 281
55772 16690 279
58020 62802 279
49108 24962 281
54203 78536 279
45269 9736 281
31014 62407 281
11640 10488 281
25077 20154 313
28231 53914 281
7461 3012 281
10482 6442 311
58587 20260 279
39456 77961 313
25582 62738 315
51833 60792 281
8677 8676 82
26288 76589 281
14033 71942 311
30682 74581 279
9957 10826 281
45558 1332 313
60695 22370 281
10183 41136 270
29571 79218 281
28526 61434 279
65521 36453 311
67199 63163 281
40055 79704 313
4063 53602 281
19064 57685 313
8439 9377 118
3098 72273 279
34771 6620 311
60224 8927 313
63961 62262 168
64208 15229 313
15864 28331 284
40121 60558 315
25774 58641 313
38164 71710 313
34565 33903 270
63986 73015 284
58587 65868 313
9535 63910 281
1689 12276 315
12187 70820 284
16814 77450 281
12081 21498 313
69614 62491 281
51833 74429 281
30142 64792 313
8162 41393 281
19332 19331 281
26345 17371 158
21377 21379 281
22147 67760 279
31238 68292 284
63450 5166 281
11361 71846 311
50956 37837 313
72194 2726 279
10545 69048 78
14033 6760 311
39695 75094 279
31290 27767 313
49906 70893 279
55181 61326 284
20521 55857 281
67214 17059 281
47817 2718 281
10482 71724 311
27459 5984 311
56352 60597 284
41484 41494 279
48824 1293 281
48009 75619 281
31353 23917 279
29914 78317 281
33026 11651 281
9980 27939 281
29571 41427 281
11482 49884 281
30750 61251 313
51818 51819 281
19721 62499 279
48957 72930 313
37273 43568 279
28267 65444 281
27568 78097 279
52346 56865 279
38923 68306 313
36583 8318 281
45696 5923 311
40411 20786 281
27518 10946 212
8120 46495 281
42534 24039 284
34139 11552 281
11640 61253 281
16528 62859 313
41408 79901 284
47127 6756 311
58147 52052 78
61557 48061 78
40411 56640 281
31470 63470 279
34106 68584 279
10128 10678 281
41766 8861 315
66147 63351 281
8945 61023 279
19829 62831 118
46930 54186 315
2137 45707 284
31290 15230 281
70048 47630 284
28492 45983 281
30343 1332 279
31105 484 281
19332 22563 281
22349 71034 284
39348 46849 279
56835 43374 281
24767 19986 315
65521 78780 311
53012 64148 281
18988 72046 311
35618 14004 315
21377 73604 281
29276 77423 279
30020 62154 279
13033 46531 281
14236 73018 279
9502 77118 281
19824 21406 315
21793 60676 284
32363 26494 313
60695 40599 281
11640 76196 281
47127 6081 311
19321 73445 281
65514 46689 311
34771 6090 311
38763 74389 281
23321 58773 281
32537 78843 284
55684 76156 281
26568 62116 313
8440 61349 118
18786 46197 311
18455 62466 315
66647 8620 118
68465 27806 281
52205 53074 279
10128 61975 313
68644 63158 279
41106 65505 281
36372 14060 279
29622 38113 284
12741 61722 281
12309 43633 313
29571 71594 281
4094 71889 311
29247 178 281
42076 18488 281
55166 77007 279
11640 71530 281
67291 61443 315
62289 8960 281
33285 17102 118
48082 13938 281
1179 43389 281
21377 74654 281
3467 80374 279
15698 73578 281
52944 15227 279
68931 61783 279
38049 77076 281
65521 46760 311
42346 69493 281
36583 62812 281
9425 28739 279
11934 62036 313
21377 44948 281
39838 38953 168
32092 16821 284
11924 57612 313
53269 14413 158
32294 65003 315
53106 72007 311
11640 38793 281
10482 71887 311
33866 63018 281
15717 75463 281
9567 72115 313
29571 62921 281
26638 78831 284
26618 80771 284
63686 36904 281
69939 23548 281
26758 74048 284
38973 2639 279
29137 29045 311
29622 62743 284
65521 6275 311
29403 77443 311
350 62180 281
49613 50258 158
54755 53929 279
15728 18217 313
69939 38087 281
40094 66085 284
30750 7936 281
39031 51543 281
34660 25154 281
45037 72515 281
30874 19360 279
60695 28375 281
4140 79894 313
48082 70101 279
17041 44573 279
58096 62700 284
51199 5518 313
14033 56386 311
44101 36944 281
29952 76418 284
25795 80322 281
53595 67349 281
25306 60604 118
65514 78998 311
48871 61795 279
5050 63033 281
40044 59476 313
24655 17366 281
31437 610 281
37453 63089 284
55065 28331 313
1667 41940 284
3202 28316 281
9567 28379 313
21888 59497 284
9989 9990 311
55807 2640 279
53106 24556 311
29137 46791 311
52384 44121 284
40059 80400 281
25298 47158 313
63450 74741 313
34736 61077 281
24632 55235 311
55731 55732 281
56264 80533 279
22225 6499 311
50809 78948 313
45135 45136 311
59106 56979 281
51835 80770 313
47913 78890 281
28989 19016 158
30734 59883 84
65521 6583 311
29684 55708 279
3195 62432 313
1179 56331 313
68120 68119 281
64083 45960 281
41283 8503 313
43073 78197 281
40435 51359 279
61221 61221 82
55051 42560 279
36236 11033 313
45040 35654 279
64083 1284 281
26021 17659 313
69300 64241 284
22807 61415 284
34677 40823 284
31518 58840 313
9465 78537 284
34677 2305 284
47657 58196 281
30863 73937 281
20587 15386 78
37184 55103 279
12741 74870 284
64841 6971 313
26618 77457 284
62436 16051 281
57560 2653 281
57525 77970 311
25582 61429 315
17265 80195 279
65521 6368 311
52599 11479 284
29622 76786 284
12378 12387 281
55494 46518 284
31131 80363 313
75442 28337 281
16087 40118 78
53114 71801 311
16231 76382 281
61414 62806 281
4893 39241 270
38877 12367 264
48640 63260 313
13259 13898 279
37893 61664 279
12772 57576 281
37453 79925 279
22225 56426 311
15728 73644 313
3637 65430 281
10861 71941 311
65521 71935 311
8162 79755 279
41404 75457 281
50483 20707 313
14679 81255 279
32363 49592 313
42152 8232 281
10403 75337 279
68465 57181 281
9567 48546 313
64841 67846 313
16231 34346 281
28929 80135 284
50226 57376 211
53106 6101 311
35618 61541 315
11640 76174 281
47127 6421 311
13204 61915 279
41137 80642 313
59106 46647 281
52656 55929 281
18472 61322 315
32571 65199 313
65521 5867 311
34755 72193 284
31287 55517 279
19332 73707 281
45053 76105 281
19896 38355 281
48082 8589 281
29571 28780 281
1880 62859 279
32482 17924 281
3988 3993 281
16187 15963 279
15032 81280 281
21446 67056 281
10482 2960 311
28231 65974 281
16156 38133 281
64208 70808 281
68465 68467 281
38973 30417 279
5387 10535 284
14872 15834 78
32352 377 284
75541 46149 284
8117 52266 281
18455 62119 315
41518 63872 284
9195 53633 313
60156 10540 281
38708 75245 281
58485 77948 281
28095 9380 279
15762 33185 281
26630 62340 315
12505 18021 78
53114 6662 311
241 52437 78
32469 61797 313
57814 663 279
12741 4394 284
34771 6362 311
32328 64709 313
20521 43958 281
25001 14708 284
13237 18515 284
11640 74970 281
715 72508 313
41647 72886 279
40828 9684 279
32352 77518 281
37137 6549 311
14986 62029 315
21212 36118 281
32552 36507 281
9535 5173 281
29571 76262 281
11640 4710 281
57246 77171 281
54427 59164 182
31238 10017 284
31896 53631 281
33377 63856 281
66354 81222 281
17355 80884 281
28929 28790 284
64841 16119 313
34677 65197 284
18415 72943 281
23317 74331 284
64324 78526 281
45565 2993 315
22225 78966 311
46930 79279 315
36495 13673 284
65521 46736 311
63450 9000 281
56440 6347 311
4619 5879 311
58152 39202 270
64083 71639 281
21212 47184 313
63612 22376 279
22049 77332 284
6920 28391 281
