123 4388
123 362
123 5273
123 5257
80 1036
80 6735
80 2193
118 2993
118 4216
118 456
118 1764
118 2173
118 4644
118 832
118 6801
118 6307
118 5610
118 5915
118 1036
118 120
118 2193
56 2993
56 4216
56 456
56 1764
56 2173
56 4644
56 832
56 6801
56 6307
56 5610
56 5915
56 1036
56 120
56 2193
21 4388
21 362
21 5273
21 5257
20 2993
20 4216
20 456
20 1764
20 2173
20 4644
20 832
20 6801
20 6307
20 5610
20 5915
20 1036
20 120
20 2193
4 2993
4 4216
4 456
4 1764
4 2173
4 4644
4 832
4 6801
4 6307
4 5610
4 5915
4 1036
4 120
4 2193
19 2993
19 4216
19 456
19 1764
19 2173
19 4644
19 832
19 6801
19 6307
19 5610
19 5915
19 1036
19 120
19 2193
117 5237
122 4388
122 362
122 5273
122 5257
199 4388
199 362
199 5273
199 5257
214 2993
214 4216
214 456
214 1764
214 2173
214 4644
214 832
214 6801
214 6307
214 5610
214 5915
214 1036
214 120
214 2193
264 362
264 5273
264 4388
264 5257
35 2993
35 4216
35 456
35 1764
35 2173
35 4644
35 832
35 6801
35 6307
35 5610
35 5915
35 1036
35 120
35 2193
205 5689
205 4042
205 6786
205 4388
205 5273
205 5257
130 4388
130 362
130 5273
130 5257
84 5610
26 362
26 5273
26 4388
26 5257
147 2993
147 4216
147 456
147 1764
147 2173
147 4644
147 832
147 6801
147 6307
147 5610
147 5915
147 1036
147 120
147 2193
6 4388
6 362
6 5273
6 5257
55 2993
55 4216
55 456
55 1764
55 2173
55 4644
55 832
55 6801
55 6307
55 5610
55 5915
55 1036
55 120
55 2193
50 4388
50 362
50 5273
50 5257
108 2993
108 4216
108 456
108 1764
108 2173
108 4644
108 832
108 6801
108 6307
108 5610
108 5915
108 1036
108 120
108 2193
77 2993
77 4216
77 456
77 1764
77 2173
77 4644
77 832
77 6801
77 6307
77 5610
77 5915
77 1036
77 120
77 2193
66 5689
66 4042
66 6786
66 4388
66 5273
66 5257
107 2993
107 4216
107 456
107 1764
107 2173
107 4644
107 832
107 6801
107 6307
107 5610
107 5915
107 1036
107 120
107 2193
141 5610
243 5237
68 5610
57 5610
222 5689
222 4042
222 6786
222 4388
222 5273
222 5257
15 2993
15 4216
15 456
15 1764
15 2173
15 4644
15 832
15 6801
15 6307
15 5610
15 5915
15 1036
15 120
15 2193
167 2993
167 4216
167 456
167 1764
167 2173
167 4644
167 832
167 6801
167 6307
167 5610
167 5915
167 1036
167 2193
167 120
72 2993
72 4216
72 456
72 1764
72 2173
72 4644
72 832
72 6801
72 6307
72 5610
72 5915
72 1036
72 120
72 2193
168 2993
168 4216
168 456
168 1764
168 2173
168 4644
168 832
168 6801
168 6307
168 5610
168 5915
168 1036
168 120
168 2193
183 2993
183 4216
183 456
183 1764
183 2173
183 4644
183 832
183 6801
183 6307
183 5610
183 5915
183 1036
183 120
183 2193
54 5689
54 4042
54 6786
54 4388
54 5273
54 5257
92 5689
92 4042
92 6786
92 4388
92 5273
92 5257
218 2993
218 4216
218 456
218 1764
218 2173
218 4644
218 832
218 6801
218 6307
218 5610
218 5915
218 1036
218 120
218 2193
111 1036
111 6735
111 2193
71 2993
71 4216
71 456
71 1764
71 2173
71 4644
71 832
71 6801
71 6307
71 5610
71 5915
71 1036
71 120
71 2193
100 1502
100 5426
100 456
100 5915
100 6307
100 120
100 832
100 2193
100 5610
100 6801
100 1036
187 2993
187 4216
187 456
187 1764
187 2173
187 4644
187 832
187 6801
187 6307
187 5610
187 5915
187 1036
187 2193
187 120
219 2993
219 4216
219 456
219 1764
219 2173
219 4644
219 832
219 6801
219 6307
219 5610
219 5915
219 1036
219 120
219 2193
154 1036
154 6735
154 2193
231 832
248 2993
248 4216
248 456
248 1764
248 2173
248 4644
248 832
248 6801
248 6307
248 5610
248 5915
248 1036
248 120
248 2193
104 1502
104 5426
104 456
104 5915
104 6307
104 120
104 832
104 2193
104 5610
104 6801
104 1036
40 2993
40 4216
40 456
40 1764
40 2173
40 4644
40 832
40 6801
40 6307
40 5610
40 5915
40 1036
40 2193
40 120
133 5689
133 4042
133 6786
133 4388
133 5273
133 5257
163 2993
163 4216
163 456
163 1764
163 2173
163 4644
163 832
163 6801
163 6307
163 5610
163 5915
163 1036
163 120
163 2193
101 1502
101 5426
101 456
101 5915
101 6307
101 120
101 832
101 2193
101 5610
101 6801
101 1036
47 4388
47 362
47 5273
47 5257
262 1036
262 6735
262 2193
58 4388
58 362
58 5273
58 5257
76 4388
76 362
76 5273
76 5257
271 1036
271 6735
271 2193
164 5689
164 4042
164 6786
164 4388
164 5273
164 5257
28 4388
28 362
28 5273
28 5257
252 2993
252 4216
252 456
252 1764
252 2173
252 4644
252 832
252 6801
252 6307
252 5610
252 5915
252 1036
252 120
252 2193
215 2993
215 4216
215 456
215 1764
215 2173
215 4644
215 832
215 6801
215 6307
215 5610
215 5915
215 1036
215 120
215 2193
170 4388
170 362
170 5273
170 5257
261 5689
261 4042
261 6786
261 4388
261 5273
261 5257
79 362
79 5273
79 4388
79 5257
202 2993
202 4216
202 456
202 1764
202 2173
202 4644
202 832
202 6801
202 6307
202 5610
202 5915
202 1036
202 120
202 2193
126 4388
126 362
126 5273
126 5257
146 4388
146 362
146 5273
146 5257
27 4388
27 362
27 5273
27 5257
212 4388
212 362
212 5273
212 5257
179 2993
179 4216
179 456
179 1764
179 2173
179 4644
179 832
179 6801
179 6307
179 5610
179 5915
179 1036
179 120
179 2193
88 362
88 5273
88 5257
88 4388
125 4388
125 362
125 5273
125 5257
143 5689
143 4042
143 6786
143 4388
143 5273
143 5257
