123 4388
123 362
123 5273
123 5257
161 2993
161 4216
161 456
161 1764
161 2173
161 4644
161 832
161 6801
161 6307
161 5610
161 5915
161 1036
161 120
161 2193
242 4388
242 362
242 5273
242 5257
56 5689
56 4042
56 6786
56 4388
56 5273
56 5257
21 4388
21 362
21 5273
21 5257
155 4388
155 362
155 5273
155 5257
182 5689
182 4042
182 6786
182 4388
182 5273
182 5257
19 5689
19 4042
19 6786
19 4388
19 5273
19 5257
152 4388
152 362
152 5273
152 5257
122 4388
122 362
122 5273
122 5257
199 4388
199 362
199 5273
199 5257
214 2993
214 4216
214 456
214 1764
214 2173
214 4644
214 832
214 6801
214 6307
214 5610
214 5915
214 1036
214 120
214 2193
264 362
264 5273
264 4388
264 5257
78 2993
78 4216
78 456
78 1764
78 2173
78 4644
78 832
78 6801
78 6307
78 5610
78 5915
78 1036
78 120
78 2193
130 4388
130 362
130 5273
130 5257
22 4388
22 362
22 5273
22 5257
237 5689
237 4042
237 6786
237 4388
237 5273
237 5257
195 2993
195 4216
195 456
195 1764
195 2173
195 4644
195 832
195 6801
195 6307
195 5610
195 5915
195 1036
195 120
195 2193
211 5689
211 4042
211 6786
211 4388
211 5273
211 5257
26 362
26 5273
26 4388
26 5257
191 4388
191 362
191 5273
191 5257
96 5689
96 4042
96 6786
96 4388
96 5273
96 5257
196 2993
196 4216
196 456
196 1764
196 2173
196 4644
196 832
196 6801
196 6307
196 5610
196 5915
196 1036
196 120
196 2193
166 2993
166 4216
166 456
166 1764
166 2173
166 4644
166 832
166 6801
166 6307
166 5610
166 5915
166 1036
166 120
166 2193
97 2993
97 4216
97 456
97 1764
97 2173
97 4644
97 832
97 6801
97 6307
97 5610
97 5915
97 1036
97 120
97 2193
134 5689
134 4042
134 6786
134 4388
134 5273
134 5257
245 4388
245 362
245 5273
245 5257
43 2993
43 4216
43 456
43 1764
43 2173
43 4644
43 832
43 6801
43 6307
43 5610
43 5915
43 1036
43 120
43 2193
108 2993
108 4216
108 456
108 1764
108 2173
108 4644
108 832
108 6801
108 6307
108 5610
108 5915
108 1036
108 120
108 2193
66 4388
66 362
66 5273
66 5257
107 2993
107 4216
107 456
107 1764
107 2173
107 4644
107 832
107 6801
107 6307
107 5610
107 5915
107 1036
107 120
107 2193
10 2993
10 4216
10 456
10 1764
10 2173
10 4644
10 832
10 6801
10 6307
10 5610
10 5915
10 1036
10 120
10 2193
45 2993
45 4216
45 456
45 1764
45 2173
45 4644
45 832
45 6801
45 6307
45 5610
45 5915
45 1036
45 120
45 2193
60 2993
60 4216
60 456
60 1764
60 2173
60 4644
60 832
60 6801
60 6307
60 5610
60 5915
60 1036
60 120
60 2193
200 1502
200 5426
200 456
200 5915
200 6307
200 120
200 832
200 2193
200 5610
200 6801
200 1036
177 1502
177 5426
177 456
177 5915
177 6307
177 120
177 832
177 2193
177 5610
177 6801
177 1036
230 2993
230 4216
230 456
230 1764
230 2173
230 4644
230 832
230 6801
230 6307
230 5610
230 5915
230 1036
230 2193
230 120
0 2993
0 4216
0 456
0 1764
0 2173
0 4644
0 832
0 6801
0 6307
0 5610
0 5915
0 1036
0 120
0 2193
183 2993
183 4216
183 456
183 1764
183 2173
183 4644
183 832
183 6801
183 6307
183 5610
183 5915
183 1036
183 120
183 2193
149 2993
149 4216
149 456
149 1764
149 2173
149 4644
149 832
149 6801
149 6307
149 5610
149 5915
149 1036
149 120
149 2193
82 2993
82 4216
82 456
82 1764
82 2173
82 4644
82 832
82 6801
82 6307
82 5610
82 5915
82 1036
82 120
82 2193
39 2993
39 4216
39 456
39 1764
39 2173
39 4644
39 832
39 6801
39 6307
39 5610
39 5915
39 1036
39 120
39 2193
206 2993
206 4216
206 456
206 1764
206 2173
206 4644
206 832
206 6801
206 6307
206 5610
206 5915
206 1036
206 120
206 2193
236 5689
236 4042
236 6786
236 4388
236 5273
236 5257
69 2993
69 4216
69 456
69 1764
69 2173
69 4644
69 832
69 6801
69 6307
69 5610
69 5915
69 1036
69 120
69 2193
209 4388
209 362
209 5273
209 5257
185 2993
185 4216
185 456
185 1764
185 2173
185 4644
185 832
185 6801
185 6307
185 5610
185 5915
185 1036
185 120
185 2193
218 5689
218 4042
218 6786
218 4388
218 5273
218 5257
210 5689
210 4042
210 6786
210 4388
210 5273
210 5257
250 2193
61 1502
61 5426
61 456
61 5915
61 6307
61 120
61 832
61 2193
61 5610
61 6801
61 1036
100 362
100 5273
100 4388
100 5257
269 2993
269 4216
269 456
269 1764
269 2173
269 4644
269 832
269 6801
269 6307
269 5610
269 5915
269 1036
269 2193
269 120
174 4388
174 362
174 5273
174 5257
9 1502
9 5426
9 456
9 5915
9 6307
9 120
9 832
9 2193
9 5610
9 6801
9 1036
219 5689
219 4042
219 6786
219 4388
219 5273
219 5257
198 2993
198 4216
198 456
198 1764
198 2173
198 4644
198 832
198 6801
198 6307
198 5610
198 5915
198 1036
198 120
198 2193
248 2993
248 4216
248 456
248 1764
248 2173
248 4644
248 832
248 6801
248 6307
248 5610
248 5915
248 1036
248 120
248 2193
133 5689
133 4042
133 6786
133 4388
133 5273
133 5257
124 2993
124 4216
124 456
124 1764
124 2173
124 4644
124 832
124 6801
124 6307
124 5610
124 5915
124 1036
124 120
124 2193
25 4388
25 362
25 5273
25 5257
241 4388
241 362
241 5273
241 5257
47 4388
47 362
47 5273
47 5257
16 2993
16 4216
16 456
16 1764
16 2173
16 4644
16 832
16 6801
16 6307
16 5610
16 5915
16 1036
16 120
16 2193
98 4388
98 362
98 5273
98 5257
30 2993
30 4216
30 456
30 1764
30 2173
30 4644
30 832
30 6801
30 6307
30 5610
30 5915
30 1036
30 120
30 2193
268 2993
268 4216
268 456
268 1764
268 2173
268 4644
268 832
268 6801
268 6307
268 5610
268 5915
268 1036
268 120
268 2193
260 4388
260 362
260 5273
260 5257
58 4388
58 362
58 5273
58 5257
216 5689
216 4042
216 6786
216 4388
216 5273
216 5257
164 4388
164 362
164 5273
164 5257
28 4388
28 362
28 5273
28 5257
215 2993
215 4216
215 456
215 1764
215 2173
215 4644
215 832
215 6801
215 6307
215 5610
215 5915
215 1036
215 120
215 2193
32 2993
32 4216
32 456
32 1764
32 2173
32 4644
32 832
32 6801
32 6307
32 5610
32 5915
32 1036
32 120
32 2193
251 4388
251 362
251 5273
251 5257
186 2993
186 4216
186 456
186 1764
186 2173
186 4644
186 832
186 6801
186 6307
186 5610
186 5915
186 1036
186 120
186 2193
116 2993
116 4216
116 456
116 1764
116 2173
116 4644
116 832
116 6801
116 6307
116 5610
116 5915
116 1036
116 120
116 2193
138 4388
138 362
138 5273
138 5257
70 1502
70 5426
70 456
70 5915
70 6307
70 120
70 832
70 2193
70 5610
70 6801
70 1036
227 2993
227 4216
227 456
227 1764
227 2173
227 4644
227 832
227 6801
227 6307
227 5610
227 5915
227 1036
227 2193
227 120
5 1502
5 5426
5 456
5 5915
5 6307
5 120
5 832
5 2193
5 5610
5 6801
5 1036
89 4388
89 362
89 5273
89 5257
86 1502
86 5426
86 456
86 5915
86 6307
86 120
86 832
86 2193
86 5610
86 6801
86 1036
188 4388
188 362
188 5273
188 5257
62 2993
62 4216
62 456
62 1764
62 2173
62 4644
62 832
62 6801
62 6307
62 5610
62 5915
62 1036
62 120
62 2193
79 4388
79 362
79 5273
79 5257
34 2993
34 4216
34 456
34 1764
34 2173
34 4644
34 832
34 6801
34 6307
34 5610
34 5915
34 1036
34 120
34 2193
49 4388
49 362
49 5273
49 5257
238 4388
238 362
238 5273
238 5257
29 2993
29 4216
29 456
29 1764
29 2173
29 4644
29 832
29 6801
29 6307
29 5610
29 5915
29 1036
29 120
29 2193
272 2993
272 4216
272 456
272 1764
272 2173
272 4644
272 832
272 6801
272 6307
272 5610
272 5915
272 1036
272 120
272 2193
94 2993
94 4216
94 456
94 1764
94 2173
94 4644
94 832
94 6801
94 6307
94 5610
94 5915
94 1036
94 120
94 2193
52 2993
52 4216
52 456
52 1764
52 2173
52 4644
52 832
52 6801
52 6307
52 5610
52 5915
52 1036
52 120
52 2193
270 2993
270 4216
270 456
270 1764
270 2173
270 4644
270 832
270 6801
270 6307
270 5610
270 5915
270 1036
270 120
270 2193
146 4388
146 362
146 5273
146 5257
153 4388
153 362
153 5273
153 5257
179 2993
179 4216
179 456
179 1764
179 2173
179 4644
179 832
179 6801
179 6307
179 5610
179 5915
179 1036
179 120
179 2193
88 4388
88 362
88 5273
88 5257
114 5257
125 2993
125 4216
125 456
125 1764
125 2173
125 4644
125 832
125 6801
125 6307
125 5610
125 5915
125 1036
125 120
125 2193
14 2993
14 4216
14 456
14 1764
14 2173
14 4644
14 832
14 6801
14 6307
14 5610
14 5915
14 1036
14 120
14 2193
