0	2193
1	1502
2	832
3	1036
4	6801
5	5610
6	4063
7	6307
8	120
9	5257
10	4042
11	5158
12	456
13	5689
14	3895
15	5915
16	4388
17	5273
18	5237
70664	4644
70665	6786
70666	5426
70667	2993
70668	2173
70669	6735
70670	362
70671	4216
70672	5092
70673	1764
81606	2305
81607	3159
81608	119
81609	3843
81610	3685
81611	1525
81612	4731
81613	389
81614	2686
81615	5841
81616	2630
81617	6330
81618	5559
81619	6037
81620	2246
81621	4695
81622	632
81623	3187
81624	5883
81625	1989
81626	199
81627	1570
81628	5613
81629	6690
81630	2793
81631	1195
81632	234
81633	1622
81634	3288
81635	546
81636	870
81637	3152
81638	2989
81639	5895
81640	3609
81641	5319
81642	3434
81643	1688
81644	4131
81645	3242
81646	6110
81647	4814
81648	3027
81649	4156
81650	4880
81651	4231
81652	2805
81653	5422
81654	3430
81655	513
81656	5678
81657	6163
81658	2668
81659	3665
81660	13
81661	5751
81662	6150
81663	5108
81664	1910
81665	2248
81666	1650
81667	6363
81668	1603
81669	272
81670	6160
81671	1367
81672	3143
81673	3384
81674	2121
81675	5946
81676	6485
81677	4954
81678	4826
81679	5458
81680	5665
81681	6693
81682	485
81683	988
81684	2922
81685	5754
81686	6487
81687	1398
81688	4693
81689	5674
81690	4254
81691	6453
81692	3737
81693	1417
81694	4439
81695	1410
81696	2526
81697	2297
81698	3316
81699	5517
81700	341
81701	3820
81702	520
81703	3776
81704	6346
81705	2373
81706	216
81707	1511
81708	5702
81709	1946
81710	3932
81711	4833
81712	4699
81713	4426
81714	3131
81715	5439
81716	4799
81717	2287
81718	5607
81719	6630
81720	2535
81721	6261
81722	1302
81723	6220
81724	330
81725	6744
81726	5566
81727	4423
81728	255
81729	5102
81730	6354
81731	982
81732	3189
81733	6504
81734	2671
81735	4062
81736	6424
81737	3089
81738	6653
81739	5647
81740	720
81741	2799
81742	5184
81743	3144
81744	1327
81745	2340
81746	4846
81747	2058
81748	2360
81749	5427
81750	5441
81751	6053
81752	5870
81753	319
81754	2781
81755	4009
81756	3050
81757	2884
81758	1379
81759	2455
81760	1611
81761	5832
81762	265
81763	1443
81764	6601
81765	2313
81766	2155
81767	2801
81768	6117
81769	3858
81770	6481
81771	811
81772	1406
81773	5617
81774	5834
81775	5574
81776	3487
81777	1716
81778	2323
81779	2457
81780	4022
81781	6139
81782	1574
81783	4130
81784	3357
81785	4570
81786	1639
81787	3899
81788	138
81789	3907
81790	698
81791	467
81792	5375
81793	1466
81794	3020
81795	1257
81796	2547
81797	4520
81798	1472
81799	6636
81800	1193
81801	3211
81802	5626
81803	5137
81804	6751
81805	5470
81806	384
81807	2277
81808	6783
81809	5131
81810	1152
81811	3554
81812	4995
81813	3395
81814	6556
81815	1741
81816	6462
81817	5029
81818	1731
81819	2078
81820	4874
81821	1336
81822	884
81823	2497
81824	538
81825	157
81826	2266
81827	4084
81828	3256
81829	191
81830	1385
81831	2393
81832	5537
81833	1700
81834	1785
81835	3788
81836	5502
81837	1495
81838	3041
81839	762
81840	5328
81841	3775
81842	5820
81843	3865
81844	465
81845	1350
81846	2460
81847	1839
81848	1044
81849	4358
81850	3875
81851	4812
81852	3955
81853	2527
81854	4371
81855	4493
81856	4900
81857	2742
81858	755
81859	797
81860	3942
81861	1121
81862	3620
81863	1913
81864	3422
81865	2709
81866	2408
81867	2398
81868	4887
81869	2103
81870	422
81871	4333
81872	5888
81873	5625
81874	1208
81875	4682
81876	6141
81877	4683
81878	4357
81879	1590
81880	4112
81881	4391
81882	1059
81883	3474
81884	371
81885	6624
81886	6720
81887	5631
81888	327
81889	771
81890	2013
81891	6590
81892	3221
81893	5233
81894	4561
81895	732
81896	1146
81897	3810
81898	5336
81899	5081
81900	1930
81901	618
81902	6739
81903	5247
81904	6565
81905	39
81906	585
81907	4649
81908	2720
81909	1456
81910	4143
81911	4918
81912	6322
81913	3347
81914	3870
81915	1886
81916	308
81917	4584
81918	4276
81919	4360
81920	710
81921	3926
81922	1869
81923	751
81924	3314
81925	676
81926	4793
81927	5589
81928	2182
81929	6606
81930	6274
81931	1750
81932	2276
81933	5711
81934	4743
81935	6431
81936	4751
81937	5474
81938	4977
81939	5006
81940	1952
81941	6351
81942	4129
81943	4239
81944	4440
81945	6750
81946	4192
81947	5055
81948	4686
81949	3441
81950	462
81951	2228
81952	5538
81953	2324
81954	378
81955	3677
81956	5495
81957	205
81958	5731
81959	5113
81960	3542
81961	6796
81962	1881
81963	845
81964	2418
81965	4161
81966	1142
81967	1313
81968	6775
81969	118
81970	3749
81971	5078
81972	976
81973	4458
81974	4261
81975	967
81976	3537
81977	1734
81978	3736
81979	5254
81980	4705
81981	684
81982	2567
81983	4922
81984	1572
81985	6685
81986	1844
81987	5764
81988	6383
81989	3986
81990	4074
81991	4133
81992	4564
81993	5871
81994	2002
81995	4480
81996	6309
81997	417
81998	6105
81999	6455
82000	693
82001	3993
82002	339
82003	1365
82004	1824
82005	3624
82006	6039
82007	1021
82008	529
82009	921
82010	2147
82011	2656
82012	3360
82013	4002
82014	2817
82015	5770
82016	519
82017	91
82018	3586
82019	6403
82020	1209
82021	4296
82022	3156
82023	5661
82024	503
82025	1875
82026	1427
82027	6059
82028	4050
82029	1917
82030	3381
82031	661
82032	174
82033	1281
82034	461
82035	4910
82036	6337
82037	600
82038	3738
82039	2494
82040	1037
82041	3593
82042	472
82043	4923
82044	2365
82045	1717
82046	6223
82047	1414
82048	2028
82049	4179
82050	1075
82051	2927
82052	99
82053	408
82054	5739
82055	1479
82056	4815
82057	689
82058	685
82059	2611
82060	5776
82061	5601
82062	1342
82063	5609
82064	558
82065	1391
82066	3754
82067	3520
82068	2134
82069	4638
82070	2249
82071	1109
82072	3587
82073	4203
82074	4337
82075	2186
82076	4299
82077	3375
82078	1629
82079	2649
82080	5031
82081	3054
82082	844
82083	3733
82084	6398
82085	2784
82086	2236
82087	5395
82088	5415
82089	2025
82090	4356
82091	5994
82092	6064
82093	5725
82094	3623
82095	1992
82096	2053
82097	2303
82098	733
82099	929
82100	5315
82101	2864
82102	3741
82103	2062
82104	583
82105	718
82106	3071
82107	3805
82108	645
82109	6005
82110	1533
82111	2124
82112	5083
82113	55
82114	6572
82115	1022
82116	3688
82117	383
82118	1213
82119	4908
82120	5444
82121	1316
82122	396
82123	3183
82124	1914
82125	2413
82126	1719
82127	6138
82128	6316
82129	5666
82130	1043
82131	4785
82132	6382
82133	3720
82134	3640
82135	3328
82136	393
82137	644
82138	1080
82139	1390
82140	6468
82141	470
82142	6691
82143	450
82144	2466
82145	6823
82146	3974
82147	4007
82148	683
82149	6350
82150	5359
82151	5393
82152	5635
82153	1506
82154	5791
82155	4075
82156	1579
82157	5009
82158	2983
82159	2901
82160	2387
82161	6034
82162	1219
82163	2619
82164	1517
82165	5242
82166	3485
82167	4988
82168	741
82169	1854
82170	4769
82171	998
82172	648
82173	3142
82174	5952
82175	5074
82176	5904
82177	3533
82178	5094
82179	4223
82180	3856
82181	3282
82182	3651
82183	290
82184	3158
82185	5369
82186	925
82187	2448
82188	945
82189	3039
82190	765
82191	6136
82192	5344
82193	4991
82194	2022
82195	1093
82196	6089
82197	5660
82198	4269
82199	2952
82200	1627
82201	5341
82202	4994
82203	4238
82204	6087
82205	3426
82206	2495
82207	53
82208	4479
82209	1431
82210	2096
82211	4576
82212	1436
82213	3984
82214	853
82215	6616
82216	6434
82217	2104
82218	6696
82219	2150
82220	629
82221	3390
82222	4386
82223	2886
82224	4162
82225	1537
82226	963
82227	6641
82228	3411
82229	1954
82230	903
82231	2596
82232	2138
82233	4942
82234	947
82235	6140
82236	6635
82237	3791
82238	6672
82239	4488
82240	3507
82241	1033
82242	1681
82243	3186
82244	902
82245	3345
82246	5572
82247	2045
82248	4497
82249	4010
82250	1582
82251	5581
82252	3599
82253	4832
82254	2086
82255	4998
82256	3179
82257	3618
82258	3869
82259	2662
82260	5736
82261	49
82262	1077
82263	1973
82264	3388
82265	2429
82266	1659
82267	1108
82268	251
82269	6628
82270	2416
82271	153
82272	4006
82273	2269
82274	6210
82275	388
82276	6170
82277	5755
82278	713
82279	6145
82280	3722
82281	5773
82282	4546
82283	320
82284	1004
82285	1742
82286	5160
82287	1295
82288	722
82289	6108
82290	1825
82291	1544
82292	3184
82293	6394
82294	2030
82295	2434
82296	687
82297	1240
82298	4702
82299	4257
82300	2321
82301	3894
82302	1597
82303	4840
82304	6011
82305	4715
82306	192
82307	868
82308	6074
82309	5431
82310	2464
82311	2932
82312	2655
82313	2955
82314	3343
82315	4067
82316	5413
82317	6722
82318	1738
82319	1936
82320	4364
82321	266
82322	4150
82323	5000
82324	6825
82325	6314
82326	603
82327	2512
82328	2673
82329	6397
82330	4414
82331	4976
82332	2714
82333	1170
82334	4065
82335	1596
82336	3169
82337	1892
82338	5462
82339	5329
82340	5191
82341	1933
82342	2590
82343	3829
82344	4015
82345	2181
82346	2372
82347	4376
82348	688
82349	614
82350	1799
82351	5519
82352	478
82353	5912
82354	6173
82355	1634
82356	5061
82357	1937
82358	6765
82359	5627
82360	1050
82361	1673
82362	4838
82363	5850
82364	537
82365	5481
82366	1591
82367	2786
82368	3607
82369	5622
82370	5656
82371	6229
82372	5934
82373	2906
82374	1426
82375	2253
82376	6668
82377	6647
82378	263
82379	6541
82380	2711
82381	363
82382	126
82383	6549
82384	3128
82385	4597
82386	781
82387	4400
82388	2468
82389	4077
82390	4899
82391	4394
82392	6252
82393	3385
82394	5933
82395	3066
82396	51
82397	4651
82398	5220
82399	5916
82400	1840
82401	1779
82402	730
82403	3562
82404	3327
82405	1270
82406	1205
82407	2853
82408	1498
82409	2302
82410	4180
82411	1012
82412	5089
82413	1759
82414	356
82415	1480
82416	2857
82417	483
82418	2964
82419	5183
82420	4454
82421	2769
82422	5465
82423	5115
82424	1469
82425	34
82426	1064
82427	2039
82428	1789
82429	834
82430	4981
82431	4126
82432	4730
82433	785
82434	135
82435	721
82436	6215
82437	3072
82438	6530
82439	4930
82440	5501
82441	219
82442	4828
82443	2122
82444	407
82445	5198
82446	651
82447	5580
82448	1494
82449	1911
82450	6678
82451	2943
82452	6374
82453	4316
82454	2826
82455	3461
82456	1345
82457	3428
82458	636
82459	4562
82460	4342
82461	5378
82462	3518
82463	5680
82464	420
82465	4048
82466	3863
82467	1903
82468	4318
82469	5562
82470	457
82471	3035
82472	5498
82473	3660
82474	4147
82475	1888
82476	6543
82477	743
82478	5900
82479	3405
82480	5741
82481	6570
82482	5606
82483	4270
82484	5898
82485	4523
82486	2317
82487	4744
82488	4120
82489	2789
82490	2825
82491	1545
82492	1977
82493	2513
82494	3523
82495	2897
82496	5255
82497	3977
82498	2043
82499	111
82500	4593
82501	258
82502	6707
82503	93
82504	4208
82505	3718
82506	3922
82507	3817
82508	6506
82509	5168
82510	656
82511	6345
82512	961
82513	1262
82514	2872
82515	5320
82516	2309
82517	5544
82518	4232
82519	1699
82520	4905
82521	4113
82522	4951
82523	4198
82524	314
82525	1009
82526	5077
82527	2672
82528	750
82529	2899
82530	2665
82531	4045
82532	3883
82533	1804
82534	2274
82535	1100
82536	4069
82537	5347
82538	6230
82539	3983
82540	4317
82541	348
82542	5960
82543	207
82544	1011
82545	5421
82546	6818
82547	496
82548	254
82549	2804
82550	6237
82551	123
82552	5289
82553	1149
82554	723
82555	3589
82556	399
82557	2641
82558	5398
82559	4219
82560	6260
82561	2660
82562	4647
82563	6156
82564	3534
82565	1766
82566	1423
82567	2459
82568	6172
82569	1787
82570	3630
82571	5614
82572	4416
82573	5818
82574	2851
82575	6353
82576	6702
82577	2865
82578	935
82579	4255
82580	3052
82581	5224
82582	4405
82583	2980
82584	221
82585	2874
82586	552
82587	2200
82588	3964
82589	1509
82590	3464
82591	3043
82592	5246
82593	1974
82594	2939
82595	2001
82596	4971
82597	955
82598	5947
82599	847
82600	5172
82601	4566
82602	2517
82603	311
82604	1556
82605	1960
82606	5937
82607	5821
82608	4629
82609	3822
82610	2123
82611	3727
82612	2371
82613	5835
82614	1962
82615	4307
82616	909
82617	3808
82618	673
82619	103
82620	3730
82621	1894
82622	1214
82623	712
82624	2855
82625	5780
82626	2488
82627	3432
82628	2242
82629	4366
82630	4937
82631	1551
82632	4226
82633	1939
82634	447
82635	1321
82636	279
82637	5185
82638	4634
82639	4878
82640	2953
82641	3715
82642	814
82643	5454
82644	2101
82645	1444
82646	377
82647	4169
82648	6777
82649	1632
82650	6004
82651	6284
82652	572
82653	6079
82654	6285
82655	151
82656	4404
82657	4381
82658	4836
82659	2768
82660	5358
82661	4819
82662	4151
82663	2224
82664	3536
82665	1103
82666	2107
82667	5166
82668	4809
82669	1904
82670	6258
82671	3460
82672	4548
82673	2787
82674	6370
82675	3028
82676	5805
82677	4776
82678	81
82679	6674
82680	5284
82681	324
82682	857
82683	42
82684	6473
82685	5130
82686	6349
82687	3154
82688	3799
82689	3271
82690	2080
82691	3446
82692	2727
82693	2040
82694	4779
82695	724
82696	1292
82697	200
82698	3486
82699	4933
82700	5021
82701	487
82702	337
82703	6332
82704	1041
82705	5558
82706	4727
82707	3145
82708	4174
82709	6517
82710	411
82711	6482
82712	1895
82713	5974
82714	1595
82715	400
82716	5789
82717	3539
82718	5292
82719	343
82720	3423
82721	5489
82722	6611
82723	5724
82724	3106
82725	1131
82726	818
82727	5135
82728	5742
82729	3816
82730	318
82731	5199
82732	838
82733	4748
82734	6799
82735	1112
82736	4099
82737	1372
82738	370
82739	574
82740	5928
82741	1212
82742	6259
82743	5825
82744	3397
82745	6728
82746	3953
82747	2235
82748	3614
82749	5985
82750	6109
82751	4865
82752	1856
82753	5808
82754	5875
82755	6808
82756	1539
82757	604
82758	581
82759	5163
82760	5397
82761	5340
82762	2583
82763	2085
82764	1486
82765	2850
82766	1415
82767	1999
82768	2972
82769	3135
82770	4425
82771	1956
82772	2877
82773	502
82774	3399
82775	5139
82776	1239
82777	3283
82778	4420
82779	2282
82780	5016
82781	4831
82782	1457
82783	1503
82784	2544
82785	3769
82786	2007
82787	5540
82788	4272
82789	2160
82790	3304
82791	122
82792	1493
82793	2310
82794	4387
82795	6752
82796	6399
82797	5360
82798	1505
82799	4165
82800	1902
82801	1608
82802	6088
82803	5147
82804	3877
82805	1076
82806	3408
82807	6645
82808	5295
82809	4656
82810	9
82811	166
82812	6581
82813	3312
82814	124
82815	5051
82816	5436
82817	810
82818	4124
82819	3038
82820	6356
82821	2479
82822	1782
82823	2258
82824	4605
82825	2792
82826	3060
82827	4722
82828	4158
82829	3059
82830	5396
82831	2330
82832	6767
82833	2293
82834	3905
82835	489
82836	3109
82837	5307
82838	5720
82839	3412
82840	1320
82841	6232
82842	3673
82843	5710
82844	6373
82845	3569
82846	4473
82847	1578
82848	2171
82849	2740
82850	1724
82851	4355
82852	4685
82853	6553
82854	1095
82855	2072
82856	6552
82857	1328
82858	4761
82859	6189
82860	2011
82861	4330
82862	4482
82863	3077
82864	2251
82865	994
82866	80
82867	6745
82868	3449
82869	4136
82870	6233
82871	2511
82872	273
82873	5551
82874	1919
82875	2730
82876	6538
82877	4684
82878	1051
82879	1124
82880	397
82881	2763
82882	3848
82883	4551
82884	4966
82885	6113
82886	1793
82887	69
82888	6107
82889	3795
82890	4312
82891	5853
82892	1985
82893	978
82894	1808
82895	4090
82896	4513
82897	3093
82898	6076
82899	6555
82900	1921
82901	5105
82902	3236
82903	6688
82904	2358
82905	5053
82906	6025
82907	4359
82908	2431
82909	2218
82910	5362
82911	3218
82912	357
82913	1362
82914	20
82915	3768
82916	4830
82917	486
82918	3790
82919	6430
82920	806
82921	626
82922	2838
82923	2442
82924	4901
82925	1687
82926	3172
82927	326
82928	276
82929	876
82930	2550
82931	1334
82932	858
82933	2140
82934	2366
82935	4471
82936	299
82937	2052
82938	737
82939	270
82940	6625
82941	1527
82942	3642
82943	6457
82944	5484
82945	5856
82946	3286
82947	359
82948	382
82949	2982
82950	6797
82951	6812
82952	3199
82953	4802
82954	2146
82955	1721
82956	6444
82957	1588
82958	2339
82959	809
82960	3765
82961	5636
82962	4310
82963	5455
82964	3752
82965	5838
82966	15
82967	4721
82968	1606
82969	4808
82970	702
82971	1161
82972	6441
82973	3450
82974	3325
82975	4539
82976	715
82977	4633
82978	38
82979	1492
82980	5951
82981	2558
82982	1374
82983	430
82984	3299
82985	1220
82986	102
82987	5961
82988	1928
82989	6496
82990	1994
82991	3724
82992	19
82993	588
82994	1460
82995	6065
82996	4469
82997	4266
82998	3420
82999	1490
83000	2215
83001	2402
83002	1615
83003	2137
83004	4188
83005	1598
83006	1566
83007	6749
83008	2802
83009	6112
83010	3105
83011	4483
83012	1605
83013	861
83014	127
83015	3681
83016	5809
83017	3938
83018	2032
83019	2998
83020	4739
83021	3086
83022	5978
83023	4456
83024	5554
83025	6789
83026	1065
83027	4895
83028	1641
83029	3488
83030	5367
83031	4764
83032	1791
83033	1648
83034	1633
83035	310
83036	256
83037	5906
83038	3274
83039	2569
83040	6352
83041	374
83042	2718
83043	287
83044	4531
83045	2753
83046	6272
83047	6478
83048	2061
83049	6532
83050	5982
83051	6427
83052	1796
83053	2476
83054	94
83055	6119
83056	3141
83057	4329
83058	131
83059	6676
83060	1046
83061	2827
83062	322
83063	773
83064	6503
83065	5403
83066	1642
83067	6731
83068	1942
83069	706
83070	1807
83071	1478
83072	4675
83073	2766
83074	291
83075	6631
83076	3185
83077	6651
83078	3356
83079	3888
83080	6213
83081	5268
83082	74
83083	2212
83084	3671
83085	2771
83086	3200
83087	3904
83088	2083
83089	4104
83090	516
83091	1701
83092	3990
83093	1524
83094	5023
83095	5144
83096	1901
83097	1677
83098	5880
83099	5965
83100	1491
83101	1249
83102	3436
83103	2962
83104	2811
83105	5577
83106	4168
83107	1477
83108	5806
83109	974
83110	243
83111	1416
83112	2154
83113	43
83114	5279
83115	5122
83116	4848
83117	5584
83118	5775
83119	6584
83120	1991
83121	413
83122	5983
83123	1279
83124	6492
83125	4936
83126	4325
83127	928
83128	6618
83129	6414
83130	4885
83131	4777
83132	4282
83133	4650
83134	983
83135	1449
83136	1763
83137	3119
83138	1096
83139	4023
83140	4879
83141	674
83142	4
83143	4367
83144	4508
83145	3333
83146	3475
83147	874
83148	3965
83149	3155
83150	2177
83151	1849
83152	5116
83153	3796
83154	6396
83155	2657
83156	6467
83157	6518
83158	6193
83159	5533
83160	6099
83161	257
83162	2453
83163	5924
83164	3782
83165	4465
83166	4738
83167	6615
83168	3254
83169	1432
83170	6811
83171	4620
83172	2788
83173	5717
83174	252
83175	6663
83176	1852
83177	5003
83178	30
83179	4339
83180	4632
83181	3935
83182	2810
83183	1587
83184	1225
83185	2066
83186	5510
83187	6435
83188	680
83189	4086
83190	1452
83191	5136
83192	57
83193	6266
83194	1809
83195	1621
83196	5459
83197	3575
83198	215
83199	4229
83200	4534
83201	1191
83202	2209
83203	2712
83204	3560
83205	1702
83206	2626
83207	5716
83208	6294
83209	1331
83210	3572
83211	5541
83212	4688
83213	2667
83214	2334
83215	3970
83216	3545
83217	740
83218	5529
83219	6721
83220	2021
83221	3303
83222	4716
83223	4083
83224	2863
83225	6464
83226	3229
83227	2806
83228	6385
83229	5511
83230	6133
83231	2915
83232	5686
83233	4466
83234	4431
83235	4525
83236	4872
83237	1819
83238	2188
83239	2300
83240	2525
83241	869
83242	951
83243	936
83244	927
83245	918
83246	1221
83247	1335
83248	1314
83249	1393
83250	50
83251	25
83252	596
83253	601
83254	6190
83255	6175
83256	6166
83257	6554
83258	6605
83259	6583
83260	6571
83261	6681
83262	5330
83263	5313
83264	5290
83265	5276
83266	5382
83267	5386
83268	5390
83269	5488
83270	5473
83271	5463
83272	5452
83273	5685
83274	2097
83275	2084
83276	2165
83277	5557
83278	3433
83279	2063
83280	1696
83281	204
83282	4183
83283	1512
83284	2580
83285	5563
83286	3861
83287	938
83288	4989
83289	2690
83290	1348
83291	2554
83292	1440
83293	509
83294	4344
83295	5992
83296	3914
83297	4752
83298	3701
83299	579
83300	2658
83301	5033
83302	6244
83303	3864
83304	6400
83305	1397
83306	4498
83307	3500
83308	5612
83309	772
83310	4453
83311	1959
83312	6116
83313	1352
83314	4516
83315	1543
83316	4152
83317	6415
83318	3338
83319	5879
83320	269
83321	2892
83322	4853
83323	6800
83324	1637
83325	1746
83326	5836
83327	1692
83328	5630
83329	4038
83330	1760
83331	815
83332	1474
83333	801
83334	4401
83335	4014
83336	1538
83337	6736
83338	4953
83339	612
83340	5411
83341	3118
83342	3655
83343	1663
83344	5203
83345	3563
83346	1156
83347	6525
83348	5271
83349	2090
83350	193
83351	4515
83352	3367
83353	6024
83354	6378
83355	5423
83356	1563
83357	1636
83358	1145
83359	3058
83360	6265
83361	2754
83362	3566
83363	5186
83364	4277
83365	2568
83366	4071
83367	5823
83368	4921
83369	1135
83370	4036
83371	218
83372	2148
83373	4046
83374	281
83375	2694
83376	3972
83377	886
83378	3567
83379	2828
83380	247
83381	2232
83382	646
83383	1140
83384	4824
83385	6748
83386	3936
83387	3571
83388	2738
83389	5050
83390	6152
83391	3910
83392	5737
83393	901
83394	3044
83395	1753
83396	1855
83397	86
83398	1583
83399	246
83400	6465
83401	6315
83402	5749
83403	4346
83404	3232
83405	5546
83406	4616
83407	4393
83408	1504
83409	260
83410	6469
83411	6275
83412	4324
83413	1747
83414	1792
83415	5796
83416	3868
83417	1943
83418	5069
83419	5931
83420	3364
83421	2765
83422	6003
83423	3975
83424	6278
83425	5497
83426	4211
83427	4946
83428	1369
83429	6031
83430	571
83431	3809
83432	5991
83433	3036
83434	6612
83435	2634
83436	662
83437	1727
83438	5178
83439	3605
83440	1805
83441	4100
83442	6638
83443	3116
83444	2559
83445	5582
83446	6717
83447	3215
83448	2079
83449	1955
83450	6358
83451	4670
83452	409
83453	5429
83454	691
83455	3592
83456	3073
83457	1497
83458	2438
83459	2296
83460	2088
83461	1616
83462	4792
83463	4614
83464	567
83465	559
83466	5793
83467	5684
83468	2427
83469	6055
83470	2755
83471	5902
83472	5383
83473	2757
83474	2391
83475	2647
83476	3719
83477	6217
83478	3872
83479	5490
83480	6534
83481	1267
83482	1915
83483	2118
83484	1298
83485	1693
83486	4047
83487	6026
83488	3294
83489	5948
83490	6697
83491	5896
83492	1983
83493	2749
83494	4334
83495	4298
83496	2723
83497	826
83498	2399
83499	5521
83500	4919
83501	2940
83502	6705
83503	5893
83504	3814
83505	4569
83506	6524
83507	658
83508	5668
83509	5048
83510	2916
83511	2105
83512	4736
83513	3726
83514	1976
83515	1263
83516	4725
83517	228
83518	5644
83519	5726
83520	6821
83521	4536
83522	4011
83523	1945
83524	2704
83525	2931
83526	5878
83527	2961
83528	4590
83529	3053
83530	2677
83531	5214
83532	864
83533	4315
83534	6054
83535	647
83536	2376
83537	4804
83538	6214
83539	3140
83540	4080
83541	1089
83542	2741
83543	805
83544	211
83545	3512
83546	5690
83547	4027
83548	4225
83549	6158
83550	5812
83551	2783
83552	4841
83553	6154
83554	4747
83555	1299
83556	4772
83557	54
83558	855
83559	837
83560	5935
83561	5732
83562	248
83563	2031
83564	3574
83565	5927
83566	2407
83567	5988
83568	2963
83569	2566
83570	172
83571	5417
83572	4242
83573	4728
83574	235
83575	2871
83576	6575
83577	4412
83578	4060
83579	990
83580	1835
83581	3139
83582	3416
83583	2710
83584	2678
83585	2663
83586	3005
83587	2960
83588	2280
83589	2250
83590	2623
83591	2576
83592	2557
83593	2546
83594	2528
83595	2514
83596	1826
83597	1951
83598	2163
83599	2152
83600	2116
83601	2089
83602	2075
83603	2065
83604	5007
83605	4996
83606	4984
83607	4972
83608	5159
83609	5146
83610	5128
83611	5112
83612	5095
83613	5086
83614	4577
83615	4558
83616	4532
83617	4707
83618	4692
83619	4674
83620	4662
83621	4210
83622	4205
83623	4195
83624	4171
83625	4160
83626	4149
83627	4134
83628	4313
83629	3617
83630	3602
83631	3807
83632	3794
83633	3783
83634	3760
83635	3739
83636	3729
83637	3708
83638	6560
83639	6544
83640	6529
83641	6514
83642	6703
83643	6692
83644	6670
83645	6658
83646	931
83647	923
83648	898
83649	1049
83650	1189
83651	523
83652	506
83653	419
83654	425
83655	783
83656	100
83657	48
83658	31
83659	376
83660	3121
83661	3453
83662	3415
83663	2716
83664	2708
83665	2973
83666	2959
83667	2944
83668	2441
83669	2430
83670	2621
83671	2603
83672	2592
83673	2556
83674	2010
83675	4983
83676	1434
83677	88
83678	4655
83679	6303
83680	5020
83681	624
83682	899
83683	4127
83684	6493
83685	4643
83686	3484
83687	4258
83688	4627
83689	3440
83690	5810
83691	6161
83692	6756
83693	2530
83694	148
83695	4608
83696	309
83697	5132
83698	2175
83699	5868
83700	1660
83701	3114
83702	5886
83703	1707
83704	5828
83705	3873
83706	3182
83707	643
83708	2560
83709	4968
83710	245
83711	4857
83712	6588
83713	1003
83714	283
83715	189
83716	1462
83717	6522
83718	4818
83719	6297
83720	2876
83721	1568
83722	4436
83723	5799
83724	4896
83725	6709
83726	303
83727	5571
83728	1814
83729	5713
83730	775
83731	2425
83732	1223
83733	452
83734	5734
83735	1194
83736	5193
83737	3516
83738	24
83739	6454
83740	3170
83741	6051
83742	2759
83743	5028
83744	6178
83745	5955
83746	3855
83747	6432
83748	6012
83749	5743
83750	608
83751	605
83752	5476
83753	4306
83754	2483
83755	3911
83756	3270
83757	3163
83758	2643
83759	27
83760	3082
83761	1066
83762	6604
83763	6392
83764	2862
83765	2693
83766	4915
83767	2273
83768	6320
83769	3387
83770	666
83771	5161
83772	2844
83773	6283
83774	4200
83775	1771
83776	3017
83777	6470
83778	561
83779	833
83780	3296
83781	948
83782	6610
83783	1337
83784	5204
83785	2934
83786	3700
83787	2968
83788	829
83789	568
83790	578
83791	1147
83792	5238
83793	5152
83794	5667
83795	3040
83796	2230
83797	6103
83798	2136
83799	6013
83800	4975
83801	4057
83802	3033
83803	2170
83804	3223
83805	1153
83806	6798
83807	2162
83808	6198
83809	5979
83810	5282
83811	5210
83812	4607
83813	305
83814	4176
83815	5516
83816	6006
83817	2421
83818	3583
83819	5520
83820	4844
83821	4816
83822	2700
83823	3854
83824	142
83825	5943
83826	4085
83827	1326
83828	1710
83829	4102
83830	971
83831	6787
83832	5949
83833	5587
83834	1620
83835	913
83836	5869
83837	1035
83838	2325
83839	4639
83840	6336
83841	289
83842	3679
83843	4397
83844	2971
83845	6334
83846	4575
83847	2951
83848	2969
83849	1927
83850	5599
83851	6209
83852	1651
83853	778
83854	4144
83855	2577
83856	6591
83857	6451
83858	2638
83859	4595
83860	5822
83861	4654
83862	3654
83863	4213
83864	6194
83865	4648
83866	5518
83867	1848
83868	5556
83869	1450
83870	2815
83871	4555
83872	3178
83873	5524
83874	4478
83875	6597
83876	6602
83877	6035
83878	5750
83879	580
83880	344
83881	5596
83882	5675
83883	5125
83884	6
83885	3896
83886	4475
83887	873
83888	4384
83889	916
83890	4611
83891	4866
83892	3341
83893	3753
83894	6411
83895	1442
83896	4424
83897	3348
83898	4713
83899	2166
83900	5124
83901	3600
83902	4935
83903	717
83904	940
83905	3122
83906	4123
83907	1031
83908	5410
83909	350
83910	2048
83911	5568
83912	2435
83913	1111
83914	6642
83915	2474
83916	6406
83917	6081
83918	3981
83919	6472
83920	4243
83921	3427
83922	6211
83923	4506
83924	6205
83925	748
83926	4835
83927	2301
83928	6287
83929	2164
83930	3931
83931	986
83932	2956
83933	1308
83934	26
83935	5114
83936	1906
83937	2261
83938	825
83939	4107
83940	4209
83941	753
83942	1311
83943	1361
83944	2666
83945	6648
83946	4434
83947	381
83948	2618
83949	1329
83950	4256
83951	4898
83952	6820
83953	1988
83954	5602
83955	4484
83956	776
83957	6075
83958	4907
83959	1028
83960	6000
83961	5486
83962	3309
83963	5919
83964	2420
83965	2895
83966	277
83967	3772
83968	3684
83969	3511
83970	6267
83971	3585
83972	2835
83973	2331
83974	5072
83975	4153
83976	6409
83977	3880
83978	5585
83979	4121
83980	5703
83981	1980
83982	2913
83983	79
83984	1006
83985	6248
83986	2836
83987	1177
83988	3451
83989	2320
83990	5164
83991	3878
83992	1008
83993	3273
83994	5723
83995	315
83996	4430
83997	4533
83998	4957
83999	2450
84000	1304
84001	697
84002	5522
84003	4980
84004	6710
84005	6759
84006	3437
84007	6264
84008	3548
84009	2646
84010	5326
84011	471
84012	1555
84013	997
84014	6325
84015	1483
84016	3004
84017	1624
84018	4146
84019	6592
84020	2446
84021	1682
84022	707
84023	4958
84024	2490
84025	2467
84026	770
84027	4746
84028	1755
84029	3063
84030	4377
84031	1016
84032	3608
84033	875
84034	1714
84035	5485
84036	21
84037	714
84038	842
84039	3129
84040	3403
84041	790
84042	180
84043	5779
84044	1668
84045	196
84046	1253
84047	5391
84048	2599
84049	231
84050	3874
84051	5345
84052	59
84053	1203
84054	6793
84055	1859
84056	4323
84057	735
84058	5657
84059	92
84060	2095
84061	6784
84062	3205
84063	6021
84064	4875
84065	4163
84066	3876
84067	711
84068	4059
84069	1185
84070	2436
84071	261
84072	295
84073	2100
84074	1017
84075	4543
84076	117
84077	2500
84078	492
84079	5428
84080	5355
84081	3787
84082	2734
84083	1709
84084	2985
84085	4990
84086	4008
84087	3933
84088	2036
84089	638
84090	5443
84091	6180
84092	5032
84093	563
84094	3346
84095	5480
84096	2461
84097	3295
84098	2994
84099	5482
84100	3196
84101	1137
84102	2585
84103	3173
84104	271
84105	1652
84106	4927
84107	5085
84108	4438
84109	1473
84110	1463
84111	1575
84112	3454
84113	2071
84114	4348
84115	4154
84116	1266
84117	3764
84118	238
84119	727
84120	1698
84121	2369
84122	4247
84123	132
84124	2346
84125	2509
84126	2537
84127	1447
84128	29
84129	1935
84130	3134
84131	4502
84132	4406
84133	1165
84134	5388
84135	1245
84136	3111
84137	2561
84138	3902
84139	1254
84140	6306
84141	1128
84142	210
84143	1553
84144	649
84145	6536
84146	2156
84147	5944
84148	1924
84149	2056
84150	4669
84151	5777
84152	3552
84153	2976
84154	4155
84155	5066
84156	1773
84157	617
84158	6792
84159	4519
84160	5959
84161	6483
84162	589
84163	3674
84164	3462
84165	1541
84166	6814
84167	1694
84168	4082
84169	1832
84170	6010
84171	150
84172	6754
84173	3255
84174	6057
84175	6204
84176	3908
84177	2548
84178	6331
84179	3958
84180	6774
84181	4096
84182	5759
84183	1288
84184	4916
84185	6092
84186	521
84187	1274
84188	274
84189	427
84190	5907
84191	4806
84192	6413
84193	6486
84194	2809
84195	533
84196	6203
84197	6007
84198	6596
84199	536
84200	405
84201	812
84202	1604
84203	5827
84204	5851
84205	3132
84206	3992
84207	6167
84208	239
84209	6603
84210	3302
84211	4732
84212	1310
84213	4378
84214	5862
84215	267
84216	5910
84217	3987
84218	2868
84219	1090
84220	3839
84221	4173
84222	4550
84223	4461
84224	586
84225	1740
84226	3418
84227	6129
84228	3937
84229	1567
84230	1197
84231	416
84232	1907
84233	1419
84234	1499
84235	1522
84236	1325
84237	1607
84238	1626
84239	981
84240	969
84241	1010
84242	993
84243	1020
84244	1058
84245	1148
84246	1182
84247	1163
84248	5696
84249	5688
84250	5722
84251	5707
84252	5746
84253	5804
84254	5872
84255	5892
84256	5882
84257	5296
84258	5277
84259	5334
84260	3595
84261	3582
84262	3841
84263	3825
84264	3862
84265	3847
84266	3890
84267	3881
84268	3917
84269	3906
84270	4807
84271	4794
84272	4839
84273	4822
84274	5082
84275	5100
84276	5118
84277	4365
84278	4392
84279	4382
84280	4419
84281	4399
84282	4626
84283	2204
84284	2237
84285	2226
84286	2270
84287	2295
84288	2284
84289	1944
84290	1786
84291	1838
84292	1827
84293	3075
84294	3062
84295	3085
84296	2814
84297	2661
84298	547
84299	582
84300	424
84301	744
84302	115
84303	316
84304	1428
84305	1500
84306	3871
84307	3853
84308	3886
84309	3923
84310	4114
84311	4920
84312	1360
84313	2279
84314	312
84315	2027
84316	659
84317	3823
84318	1206
84319	5189
84320	5245
84321	5845
84322	6521
84323	6323
84324	6115
84325	4320
84326	621
84327	510
84328	824
84329	972
84330	904
84331	5196
84332	6680
84333	2275
84334	2831
84335	1986
84336	6766
84337	4962
84338	6379
84339	5205
84340	3372
84341	2995
84342	2214
84343	5824
84344	4459
84345	1199
84346	2717
84347	4801
84348	1255
84349	5298
84350	6393
84351	6659
84352	4703
84353	5579
84354	5676
84355	5278
84356	1666
84357	802
84358	1846
84359	1695
84360	2935
84361	6066
84362	3167
84363	5682
84364	3431
84365	3789
84366	2584
84367	3046
84368	734
84369	4797
84370	4035
84371	1141
84372	681
84373	4657
84374	6207
84375	2234
84376	5209
84377	1368
84378	5848
84379	6216
84380	2409
84381	4241
84382	1252
84383	3576
84384	3980
84385	1708
84386	1286
84387	754
84388	482
84389	5004
84390	1658
84391	956
84392	5469
84393	4982
84394	1521
84395	6408
84396	3683
84397	5091
84398	2840
84399	2503
84400	1625
84401	5786
84402	5281
84403	3591
84404	6235
84405	5664
84406	3289
84407	3919
84408	6817
84409	5536
84410	5350
84411	6339
84412	6819
84413	800
84414	379
84415	182
84416	2423
84417	4189
84418	1770
84419	1751
84420	2202
84421	2729
84422	694
84423	4253
84424	4349
84425	3985
84426	1120
84427	3831
84428	2773
84429	3222
84430	2510
84431	6288
84432	1116
84433	1823
84434	1562
84435	6505
84436	5760
84437	1940
84438	3594
84439	4624
84440	3780
84441	1105
84442	1055
84443	3891
84444	6299
84445	1144
84446	1898
84447	6340
84448	4166
84449	439
84450	4888
84451	5792
84452	607
84453	4452
84454	5503
84455	4032
84456	1877
84457	4354
84458	428
84459	6660
84460	850
84461	3443
84462	2565
84463	4897
84464	4578
84465	555
84466	3821
84467	1726
84468	2524
84469	3409
84470	1378
84471	4979
84472	2861
84473	5380
84474	4711
84475	599
84476	2092
84477	590
84478	3442
84479	6646
84480	3482
84481	1424
84482	66
84483	5621
84484	3391
84485	1265
84486	3540
84487	32
84488	3098
84489	6488
84490	2846
84491	4544
84492	593
84493	2950
84494	799
84495	4676
84496	4196
84497	2736
84498	6072
84499	3927
84500	4554
84501	1238
84502	4852
84503	6640
84504	5514
84505	5555
84506	2126
84507	4604
84508	3311
84509	2628
84510	4902
84511	3095
84512	3032
84513	3492
84514	6537
84515	4449
84516	5269
84517	5368
84518	5973
84519	5308
84520	14
84521	560
84522	404
84523	302
84524	3096
84525	5513
84526	2659
84527	4969
84528	1599
84529	5013
84530	6627
84531	1346
84532	3400
84533	4864
84534	5412
84535	5976
84536	4137
84537	1099
84538	2981
84539	1489
84540	2328
84541	2588
84542	1800
84543	1104
84544	3149
84545	2579
84546	2217
84547	3456
84548	3900
84549	3615
84550	2384
84551	2004
84552	2499
84553	5217
84554	2183
84555	932
84556	1187
84557	284
84558	3929
84559	6542
84560	1671
84561	6114
84562	4396
84563	4141
84564	6585
84565	5877
84566	5280
84567	3836
84568	6622
84569	1001
84570	5037
84571	767
84572	1231
84573	2029
84574	5365
84575	3946
84576	5120
84577	1038
84578	1380
84579	3153
84580	2571
84581	6100
84582	3398
84583	2813
84584	4262
84585	240
84586	6778
84587	3850
84588	2676
84589	549
84590	1085
84591	97
84592	5149
84593	178
84594	1228
84595	4290
84596	3639
84597	889
84598	615
84599	2179
84600	2921
84601	394
84602	5472
84603	6212
84604	2803
84605	5299
84606	4383
84607	1192
84608	5424
84609	569
84610	2607
84611	843
84612	4000
84613	5018
84614	3308
84615	3448
84616	2629
84617	4926
84618	3410
84619	3228
84620	4505
84621	2216
84622	4834
84623	6300
84624	2907
84625	2014
84626	5603
84627	816
84628	4941
84629	5024
84630	2615
84631	5588
84632	2669
84633	1958
84634	3627
84635	1260
84636	3253
84637	4512
84638	4798
84639	2830
84640	1396
84641	6071
84642	4955
84643	1815
84644	5608
84645	2439
84646	5351
84647	3606
84648	5181
84649	6456
84650	4645
84651	4876
84652	5461
84653	906
84654	6764
84655	5372
84656	4884
84657	2902
84658	2379
84659	3543
84660	4464
84661	6137
84662	524
84663	6327
84664	1312
84665	2866
84666	4753
84667	5515
84668	942
84669	4527
84670	368
84671	891
84672	3064
84673	6546
84674	1862
84675	3092
84676	5534
84677	1284
84678	1736
84679	5177
84680	908
84681	1459
84682	5769
84683	6550
84684	183
84685	1183
84686	1918
84687	6700
84688	3832
84689	784
84690	606
84691	4653
84692	2205
84693	4759
84694	331
84695	3668
84696	4889
84697	3521
84698	954
84699	5866
84700	5691
84701	6273
84702	1315
84703	1549
84704	4754
84705	739
84706	4450
84707	5430
84708	2311
84709	668
84710	3994
84711	1520
84712	3781
84713	1034
84714	557
84715	6084
84716	3546
84717	6639
84718	3551
84719	5063
84720	5087
84721	1172
84722	5022
84723	6564
84724	3413
84725	2153
84726	4244
84727	3827
84728	5504
84729	4215
84730	4571
84731	2794
84732	2355
84733	1404
84734	2184
84735	5241
84736	463
84737	6425
84738	5570
84739	6762
84740	2281
84741	6362
84742	5996
84743	1222
84744	3982
84745	1880
84746	3657
84747	705
84748	2348
84749	4612
84750	3638
84751	3763
84752	576
84753	1481
84754	5687
84755	5304
84756	5385
84757	70
84758	2587
84759	6574
84760	2102
84761	4892
84762	168
84763	3349
84764	6097
84765	4618
84766	1015
84767	4081
84768	5891
84769	5553
84770	6617
84771	4250
84772	5774
84773	1383
84774	1772
84775	4961
84776	1081
84777	2350
84778	1174
84779	962
84780	1561
84781	364
84782	1433
84783	1614
84784	4850
84785	5858
84786	5842
84787	522
84788	4455
84789	504
84790	3275
84791	5659
84792	2945
84793	6164
84794	594
84795	5590
84796	5695
84797	2839
84798	6758
84799	3084
84800	187
84801	6242
84802	813
84803	3956
84804	4766
84805	3581
84806	4089
84807	6245
84808	1510
84809	2336
84810	5435
84811	2167
84812	2507
84813	642
84814	3160
84815	2081
84816	3508
84817	3526
84818	2377
84819	4560
84820	2437
84821	479
84822	5552
84823	3424
84824	5929
84825	2192
84826	2519
84827	5632
84828	2648
84829	3234
84830	4001
84831	2108
84832	145
84833	2363
84834	1963
84835	6169
84836	188
84837	4592
84838	398
84839	3208
84840	1628
84841	125
84842	230
84843	5376
84844	3227
84845	878
84846	2744
84847	4132
84848	4451
84849	6785
84850	1514
84851	4025
84852	3191
84853	1941
84854	1236
84855	5663
84856	4274
84857	6098
84858	4265
84859	3079
84860	3692
84861	2382
84862	2774
84863	1420
84864	4701
84865	3784
84866	5543
84867	6387
84868	2896
84869	3174
84870	451
84871	3570
84872	3171
84873	6437
84874	3369
84875	3519
84876	6755
84877	4395
84878	2359
84879	4278
84880	4108
84881	5456
84882	5918
84883	1167
84884	1119
84885	4803
84886	2984
84887	1870
84888	4389
84889	6038
84890	5938
84891	6763
84892	4390
84893	752
84894	979
84895	3344
84896	6271
84897	1586
84898	4031
84899	4193
84900	4694
84901	2680
84902	3354
84903	1057
84904	1092
84905	3580
84906	1107
84907	1356
84908	6595
84909	1733
84910	6511
84911	2682
84912	5881
84913	1164
84914	6445
84915	1801
84916	1053
84917	2635
84918	5506
84919	366
84920	4093
84921	5954
84922	3197
84923	2059
84924	1691
84925	109
84926	4140
84927	2644
84928	4640
84929	4530
84930	5591
84931	5244
84932	5364
84933	5215
84934	3835
84935	5718
84936	5637
84937	2343
84938	1324
84939	1293
84940	3459
84941	5790
84942	2000
84943	3264
84944	2888
84945	3514
84946	634
84947	5084
84948	2933
84949	4666
84950	5807
84951	2291
84952	570
84953	477
84954	3334
84955	4066
84956	3293
84957	325
84958	6218
84959	5545
84960	896
84961	2414
84962	3529
84963	2478
84964	3997
84965	881
84966	5857
84967	4097
84968	5226
84969	3703
84970	3124
84971	4481
84972	2199
84973	1435
84974	4070
84975	2795
84976	1932
84977	756
84978	1133
84979	2991
84980	3216
84981	2772
84982	3978
84983	4760
84984	1526
84985	4264
84986	854
84987	2129
84988	1858
84989	5605
84990	808
84991	6184
84992	5325
84993	3220
84994	141
84995	1323
84996	3691
84997	930
84998	4058
84999	2822
85000	6620
85001	28
85002	2776
85003	5819
85004	6183
85005	804
85006	4087
85007	6176
85008	5942
85009	2299
85010	4249
85011	863
85012	4967
85013	672
85014	3968
85015	3860
85016	2531
85017	6791
85018	6050
85019	6644
85020	3793
85021	466
85022	2394
85023	134
85024	4825
85025	1729
85026	3126
85027	3779
85028	3680
85029	6656
85030	2954
85031	793
85032	3157
85033	5110
85034	5221
85035	1465
85036	2034
85037	4667
85038	2520
85039	3596
85040	3091
85041	16
85042	3323
85043	4472
85044	4186
85045	4327
85046	6296
85047	1640
85048	5188
85049	4609
85050	3716
85051	5939
85052	3406
85053	3102
85054	5036
85055	667
85056	1277
85057	5908
85058	4109
85059	275
85060	1071
85061	2222
85062	2516
85063	3695
85064	5911
85065	1425
85066	3909
85067	4619
85068	4687
85069	1159
85070	5070
85071	2808
85072	1411
85073	5859
85074	3797
85075	5283
85076	2879
85077	5671
85078	627
85079	3113
85080	1635
85081	2904
85082	5634
85083	746
85084	6516
85085	2574
85086	3918
85087	5342
85088	602
85089	528
85090	1258
85091	3321
85092	6390
85093	6118
85094	3632
85095	2883
85096	2790
85097	5604
85098	2699
85099	3193
85100	3541
85101	5483
85102	5903
85103	2114
85104	3263
85105	6573
85106	6491
85107	2426
85108	4336
85109	1157
85110	3966
85111	2055
85112	3001
85113	6302
85114	1150
85115	2625
85116	6806
85117	5420
85118	2919
85119	453
85120	5846
85121	2419
85122	512
85123	3268
85124	5844
85125	435
85126	6780
85127	996
85128	6001
85129	774
85130	2375
85131	5826
85132	4500
85133	2026
85134	2087
85135	4631
85136	5231
85137	573
85138	3527
85139	4407
85140	1984
85141	6395
85142	3898
85143	4517
85144	307
85145	3934
85146	3774
85147	1376
85148	3080
85149	5322
85150	6417
85151	5140
85152	828
85153	1781
85154	4965
85155	2891
85156	37
85157	6782
85158	6419
85159	2099
85160	67
85161	5729
85162	5321
85163	4842
85164	5492
85165	1078
85166	2631
85167	5179
85168	2469
85169	237
85170	1609
85171	3697
85172	5864
85173	5748
85174	1678
85175	3522
85176	1475
85177	1761
85178	5228
85179	6726
85180	1617
85181	459
85182	4541
85183	4003
85184	6131
85185	1084
85186	1891
85187	3224
85188	2605
85189	5699
85190	2389
85191	4159
85192	5387
85193	40
85194	5394
85195	6018
85196	5712
85197	58
85198	6277
85199	1429
85200	3963
85201	5332
85202	6650
85203	3235
85204	4013
85205	1400
85206	1513
85207	5628
85208	4201
85209	3202
85210	1392
85211	5765
85212	225
85213	3370
85214	3365
85215	1947
85216	5312
85217	3351
85218	3584
85219	2115
85220	4591
85221	3016
85222	2260
85223	2117
85224	6225
85225	920
85226	3802
85227	5286
85228	3290
85229	1381
85230	4281
85231	1559
85232	5505
85233	4191
85234	5860
85235	3999
85236	3840
85237	3490
85238	1196
85239	3915
85240	5374
85241	968
85242	3750
85243	2415
85244	3635
85245	4992
85246	4778
85247	3951
85248	1795
85249	779
85250	2821
85251	6280
85252	3123
85253	5402
85254	6061
85255	747
85256	317
85257	1019
85258	1718
85259	3892
85260	5854
85261	6557
85262	1023
85263	1278
85264	1916
85265	5041
85266	4485
85267	2201
85268	5017
85269	2338
85270	1728
85271	3081
85272	4742
85273	3019
85274	4635
85275	2732
85276	2572
85277	3556
85278	6500
85279	2354
85280	6044
85281	1138
85282	3916
85283	669
85284	3042
85285	1931
85286	3756
85287	6405
85288	1669
85289	6460
85290	5901
85291	4463
85292	3813
85293	349
85294	895
85295	3335
85296	4115
85297	4373
85298	4997
85299	1166
85300	5038
85301	2316
85302	6333
85303	1134
85304	4581
85305	1471
85306	3893
85307	68
85308	1972
85309	1713
85310	2748
85311	5044
85312	2697
85313	4202
85314	553
85315	3770
85316	1407
85317	1767
85318	5816
85319	3070
85320	5404
85321	87
85322	488
85323	2812
85324	1923
85325	3207
85326	5491
85327	2191
85328	401
85329	5930
85330	5287
85331	3561
85332	823
85333	1828
85334	6124
85335	5062
85336	5932
85337	35
85338	3379
85339	6807
85340	3568
85341	1557
85342	3249
85343	6247
85344	2332
85345	5714
85346	114
85347	2650
85348	6463
85349	6594
85350	1405
85351	1430
85352	5001
85353	5008
85354	6714
85355	6531
85356	4271
85357	4636
85358	3712
85359	2858
85360	5833
85361	2496
85362	5802
85363	3557
85364	3318
85365	4749
85366	4773
85367	5005
85368	2762
85369	2033
85370	5651
85371	1207
85372	2627
85373	4877
85374	121
85375	1375
85376	4691
85377	6527
85378	292
85379	347
85380	4072
85381	321
85382	5700
85383	2979
85384	4556
85385	159
85386	6068
85387	4095
85388	2504
85389	2307
85390	2472
85391	6443
85392	1535
85393	6295
85394	1672
85395	1861
85396	2739
85397	4557
85398	2798
85399	953
85400	4999
85401	6724
85402	1261
85403	2454
85404	6052
85405	1373
85406	5758
85407	2870
85408	1872
85409	71
85410	1676
85411	6224
85412	6461
85413	5694
85414	984
85415	4297
85416	1232
85417	1303
85418	2751
85419	6667
85420	6128
85421	2473
85422	6228
85423	1552
85424	402
85425	821
85426	4105
85427	4756
85428	5662
85429	5781
85430	2551
85431	3313
85432	5909
85433	3392
85434	1821
85435	6257
85436	1198
85437	2352
85438	6308
85439	1788
85440	6047
85441	3844
85442	991
85443	5509
85444	3175
85445	1776
85446	950
85447	1237
85448	4020
85449	4960
85450	3481
85451	5744
85452	6231
85453	6187
85454	3150
85455	2440
85456	3702
85457	4641
85458	5225
85459	4906
85460	5306
85461	885
85462	3913
85463	2263
85464	3705
85465	3386
85466	4963
85467	6239
85468	3371
85469	6734
85470	1211
85471	1684
85472	1762
85473	329
85474	1224
85475	1754
85476	1091
85477	6547
85478	6794
85479	2867
85480	2487
85481	5026
85482	5593
85483	1453
85484	5887
85485	1040
85486	859
85487	2977
85488	2451
85489	5803
85490	1845
85491	3374
85492	5917
85493	4854
85494	6365
85495	3240
85496	1179
85497	206
85498	5080
85499	789
85500	2180
85501	1403
85502	1775
85503	1082
85504	1737
85505	4206
85506	5288
85507	2947
85508	3666
85509	3257
85510	1067
85511	1339
85512	6181
85513	4012
85514	3022
85515	682
85516	3824
85517	5865
85518	758
85519	5111
85520	4288
85521	2845
85522	1363
85523	5447
85524	3636
85525	3148
85526	1816
85527	5260
85528	5693
85529	4369
85530	1102
85531	1042
85532	1056
85533	6016
85534	6344
85535	6317
85536	6328
85537	6381
85538	476
85539	445
85540	526
85541	494
85542	780
85543	757
85544	46
85545	56
85546	10
85547	18
85548	64
85549	342
85550	1528
85551	1485
85552	1344
85553	1358
85554	1306
85555	1322
85556	1388
85557	3755
85558	3707
85559	3214
85560	4956
85561	1235
85562	5561
85563	328
85564	989
85565	3510
85566	3165
85567	1797
85568	1349
85569	335
85570	2312
85571	2131
85572	4300
85573	3429
85574	2463
85575	1054
85576	3882
85577	3002
85578	5840
85579	5646
85580	2620
85581	6130
85582	6348
85583	2257
85584	2937
85585	6741
85586	3504
85587	1546
85588	288
85589	6730
85590	5150
85591	5162
85592	1780
85593	2974
85594	2747
85595	6070
85596	2498
85597	1889
85598	1812
85599	5392
85600	3746
85601	3622
85602	2589
85603	3473
85604	4668
85605	2683
85606	3759
85607	4328
85608	1758
85609	613
85610	268
85611	3499
85612	3100
85613	209
85614	1014
85615	3133
85616	6816
85617	36
85618	2946
85619	4820
85620	2529
85621	6094
85622	6407
85623	173
85624	4353
85625	4335
85626	5346
85627	2775
85628	1834
85629	5583
85630	1394
85631	4029
85632	1756
85633	6200
85634	716
85635	3897
85636	5054
85637	499
85638	4073
85639	2949
85640	3226
85641	4283
85642	380
85643	351
85644	6528
85645	4326
85646	5721
85647	5293
85648	442
85649	2706
85650	2506
85651	1005
85652	6566
85653	3682
85654	5655
85655	1850
85656	819
85657	4343
85658	1437
85659	3550
85660	77
85661	4468
85662	75
85663	3262
85664	5432
85665	5335
85666	4056
85667	2015
85668	6471
85669	623
85670	3239
85671	5451
85672	1079
85673	2485
85674	4199
85675	1997
85676	4106
85677	2333
85678	6568
85679	5797
85680	2289
85681	5564
85682	3686
85683	244
85684	6433
85685	4403
85686	6803
85687	1971
85688	3800
85689	1896
85690	3801
85691	1817
85692	3315
85693	6134
85694	340
85695	6684
85696	766
85697	3291
85698	592
85699	280
85700	3138
85701	3578
85702	4145
85703	3717
85704	695
85705	640
85706	5794
85707	5829
85708	5761
85709	2038
85710	1446
85711	3201
85712	5219
85713	4051
85714	6246
85715	3009
85716	6563
85717	5381
85718	4503
85719	5475
85720	4275
85721	1273
85722	4845
85723	4024
85724	620
85725	5468
85726	3699
85727	5235
85728	5874
85729	1408
85730	1409
85731	1867
85732	3828
85733	4295
85734	1487
85735	6539
85736	11
85737	6632
85738	1482
85739	3885
85740	6771
85741	575
85742	6174
85743	6085
85744	446
85745	3279
85746	5578
85747	893
85748	2229
85749	2664
85750	3559
85751	1047
85752	5595
85753	3298
85754	6125
85755	6719
85756	4304
85757	882
85758	6669
85759	2424
85760	1560
85761	2144
85762	6185
85763	4817
85764	631
85765	4157
85766	2110
85767	535
85768	4194
85769	565
85770	3339
85771	4659
85772	1576
85773	2745
85774	4949
85775	1180
85776	725
85777	4375
85778	1227
85779	2271
85780	677
85781	6479
85782	2685
85783	1934
85784	4142
85785	5788
85786	1190
85787	4881
85788	2174
85789	5986
85790	1386
85791	5795
85792	5416
85793	761
85794	6614
85795	3761
85796	1743
85797	2076
85798	2597
85799	2197
85800	3564
85801	2119
85802	4184
85803	3989
85804	6598
85805	4861
85806	5438
85807	4088
85808	5681
85809	6769
85810	5274
85811	4233
85812	2909
85813	6587
85814	6102
85815	995
85816	6095
85817	4959
85818	6199
85819	2622
85820	5849
85821	6286
85822	5201
85823	4421
85824	6036
85825	5408
85826	6743
85827	2098
85828	112
85829	6815
85830	892
85831	6126
85832	1002
85833	5923
85834	2842
85835	1246
85836	2070
85837	2903
85838	2958
85839	2042
85840	5232
85841	6143
85842	3317
85843	4903
85844	1468
85845	2241
85846	3231
85847	1534
85848	5673
85849	6221
85850	1370
85851	139
85852	4869
85853	4267
85854	653
85855	4167
85856	3463
85857	2595
85858	4118
85859	4177
85860	2624
85861	5195
85862	440
85863	5348
85864	1268
85865	6533
85866	905
85867	3276
85868	6171
85869	3024
85870	760
85871	6599
85872	190
85873	5639
85874	5785
85875	3023
85876	2244
85877	4733
85878	1897
85879	3497
85880	1860
85881	5249
85882	1319
85883	345
85884	4234
85885	4623
85886	6120
85887	3742
85888	4708
85889	6318
85890	5414
85891	5207
85892	3603
85893	1181
85894	2143
85895	3939
85896	591
85897	4418
85898	5153
85899	306
85900	597
85901	1577
85902	5641
85903	4690
85904	5096
85905	5141
85906	5127
85907	2037
85908	2024
85909	2477
85910	2925
85911	2912
85912	564
85913	1118
85914	4700
85915	6040
85916	5953
85917	1139
85918	5389
85919	6753
85920	6086
85921	2433
85922	1925
85923	3469
85924	6310
85925	2252
85926	587
85927	164
85928	598
85929	5349
85930	6168
85931	1024
85932	6701
85933	5010
85934	412
85935	3678
85936	4279
85937	1330
85938	2223
85939	4717
85940	6367
85941	880
85942	6452
85943	2986
85944	4855
85945	3652
85946	6082
85947	2541
85948	4079
85949	2044
85950	5361
85951	879
85952	1803
85953	387
85954	4442
85955	4993
85956	4284
85957	2198
85958	3531
85959	89
85960	105
85961	3037
85962	3015
85963	3210
85964	5830
85965	3744
85966	6069
85967	2342
85968	911
85969	4553
85970	2351
85971	3031
85972	3647
85973	443
85974	2185
85975	1364
85976	2540
85977	5798
85978	222
85979	1995
85980	6376
85981	3920
85982	2873
85983	699
85984	4289
85985	3747
85986	2093
85987	3057
85988	1114
85989	6157
85990	2639
85991	1540
85992	2292
85993	5042
85994	6526
85995	4952
85996	6359
85997	877
85998	5324
85999	6151
86000	6760
86001	1355
86002	5211
86003	6256
86004	6507
86005	5669
86006	353
86007	4737
86008	1508
86009	5180
86010	4587
86011	4786
86012	4886
86013	3069
86014	6410
86015	4780
86016	5493
86017	6301
86018	5867
86019	484
86020	515
86021	1757
86022	660
86023	1271
86024	4758
86025	2910
86026	5658
86027	5981
86028	5977
86029	3188
86030	3645
86031	3612
86032	5905
86033	406
86034	6380
86035	170
86036	5318
86037	491
86038	1413
86039	4301
86040	6002
86041	198
86042	3094
86043	2636
86044	3837
86045	4714
86046	493
86047	6058
86048	4078
86049	3851
86050	5594
86051	4709
86052	4601
86053	2563
86054	5088
86055	3838
86056	3698
86057	6326
86058	4122
86059	2652
86060	4859
86061	3358
86062	2614
86063	3280
86064	6708
86065	5706
86066	3025
86067	2942
86068	5600
86069	6015
86070	5097
86071	4625
86072	6179
86073	4678
86074	2161
86075	332
86076	4021
86077	4462
86078	5126
86079	2220
86080	1018
86081	455
86082	703
86083	4408
86084	2721
86085	2724
86086	5291
86087	4750
86088	6600
86089	2562
86090	5297
86091	4309
86092	1441
86093	970
86094	5967
86095	3382
86096	85
86097	2239
86098	5728
86099	212
86100	1646
86101	1813
86102	1884
86103	5339
86104	2654
86105	5103
86106	5263
86107	1811
86108	501
86109	5813
86110	4341
86111	5539
86112	5957
86113	3762
86114	2422
86115	5275
86116	4784
86117	4811
86118	641
86119	3950
86120	5648
86121	2290
86122	369
86123	5212
86124	4448
86125	5778
86126	2988
86127	47
86128	4729
86129	6060
86130	4939
86131	4843
86132	6687
86133	6694
86134	176
86135	6475
86136	4245
86137	2159
86138	60
86139	3806
86140	3297
86141	3786
86142	5654
86143	6459
86144	6422
86145	107
86146	410
86147	333
86148	365
86149	679
86150	820
86151	840
86152	860
86153	786
86154	1072
86155	1247
86156	1280
86157	1204
86158	1631
86159	1536
86160	1548
86161	1565
86162	1584
86163	1697
86164	1730
86165	2009
86166	2023
86167	1964
86168	1978
86169	1998
86170	2125
86171	2141
86172	2344
86173	2361
86174	2471
86175	2486
86176	5611
86177	6375
86178	6523
86179	4379
86180	3960
86181	5727
86182	5565
86183	4712
86184	5133
86185	5936
86186	1032
86187	912
86188	943
86189	1873
86190	4795
86191	2515
86192	4883
86193	5400
86194	5550
86195	2878
86196	795
86197	2294
86198	1202
86199	1618
86200	696
86201	1745
86202	354
86203	1790
86204	507
86205	883
86206	6238
86207	6091
86208	926
86209	2120
86210	5629
86211	386
86212	6020
86213	1554
86214	6402
86215	6718
86216	6795
86217	6671
86218	3217
86219	2362
86220	2604
86221	5738
86222	787
86223	6540
86224	3525
86225	2791
86226	1585
86227	792
86228	2456
86229	917
86230	1670
86231	3675
86232	5314
86233	5058
86234	113
86235	1151
86236	6579
86237	3366
86238	1123
86239	4495
86240	264
86241	3494
86242	4603
86243	4221
86244	1871
86245	6477
86246	4222
86247	2243
86248	3740
86249	2288
86250	2470
86251	1843
86252	1550
86253	6022
86254	3332
86255	4372
86256	4433
86257	474
86258	5914
86259	5075
86260	2327
86261	6312
86262	2396
86263	1073
86264	1950
86265	5270
86266	4943
86267	5670
86268	822
86269	3721
86270	4091
86271	866
86272	6149
86273	4204
86274	4873
86275	1101
86276	4787
86277	5531
86278	6093
86279	154
86280	233
86281	3246
86282	3265
86283	2113
86284	3713
86285	2564
86286	3000
86287	5471
86288	4398
86289	4139
86290	2616
86291	4856
86292	1882
86293	3021
86294	4429
86295	52
86296	5300
86297	3501
86298	5784
86299	3104
86300	3833
86301	6276
86302	6305
86303	6716
86304	241
86305	2308
86306	4170
86307	2508
86308	5752
86309	2306
86310	2189
86311	5052
86312	5921
86313	5301
86314	1593
86315	2133
86316	3452
86317	1069
86318	1806
86319	6014
86320	5575
86321	3219
86322	1285
86323	1461
86324	5262
86325	4363
86326	2610
86327	3710
86328	6386
86329	3470
86330	5187
86331	294
86332	6682
86333	3995
86334	1830
86335	1529
86336	90
86337	1366
86338	1664
86339	5592
86340	5771
86341	2094
86342	3650
86343	2380
86344	8
86345	4642
86346	2978
86347	4110
86348	5106
86349	3549
86350	1318
86351	6729
86352	6593
86353	3845
86354	3979
86355	3785
86356	5920
86357	6619
86358	610
86359	5309
86360	2047
86361	3723
86362	3117
86363	611
86364	6144
86365	4768
86366	975
86367	3247
86368	6438
86369	4076
86370	6732
86371	6429
86372	4187
86373	6290
86374	6578
86375	3732
86376	2132
86377	2719
86378	6090
86379	1162
86380	3973
86381	385
86382	5757
86383	1739
86384	1074
86385	530
86386	4909
86387	4128
86388	5970
86389	5549
86390	745
86391	871
86392	3340
86393	1387
86394	4870
86395	2213
86396	949
86397	6768
86398	4491
86399	3577
86400	5876
86401	6206
86402	2633
86403	4164
86404	4894
86405	5366
86406	2012
86407	3407
86408	4567
86409	6063
86410	155
86411	224
86412	3491
86413	5987
86414	3524
86415	2444
86416	4681
86417	3480
86418	6733
86419	5525
86420	5855
86421	1357
86422	2543
86423	3857
86424	1476
86425	4912
86426	1703
86427	4043
86428	1455
86429	6240
86430	3547
86431	84
86432	5067
86433	3350
86434	6313
86435	3377
86436	3626
86437	1922
86438	1961
86439	4606
86440	5154
86441	5477
86442	2900
86443	6727
86444	4044
86445	5025
86446	5357
86447	6155
86448	6440
86449	6404
86450	3353
86451	3336
86452	3180
86453	3661
86454	3641
86455	3601
86456	3611
86457	4054
86458	4068
86459	4053
86460	4602
86461	4621
86462	4321
86463	4507
86464	4522
86465	4477
86466	4447
86467	4457
86468	4755
86469	4719
86470	4934
86471	4948
86472	5239
86473	5194
86474	6321
86475	6067
86476	6027
86477	5995
86478	6740
86479	6498
86480	6436
86481	2019
86482	1990
86483	2003
86484	1968
86485	2127
86486	2493
86487	2491
86488	2609
86489	2920
86490	3376
86491	3352
86492	3373
86493	3324
86494	3213
86495	3177
86496	3164
86497	3778
86498	3515
86499	3621
86500	3930
86501	4116
86502	4041
86503	4352
86504	4362
86505	4338
86506	4476
86507	4494
86508	4791
86509	4765
86510	4720
86511	4734
86512	4947
86513	5512
86514	5252
86515	5266
86516	5227
86517	5236
86518	5192
86519	5206
86520	675
86521	692
86522	849
86523	862
86524	807
86525	827
86526	788
86527	1126
86528	1097
86529	1291
86530	1251
86531	1264
86532	1619
86533	1610
86534	1571
86535	1592
86536	1732
86537	1744
86538	1421
86539	2050
86540	2008
86541	1987
86542	2006
86543	1967
86544	1883
86545	1899
86546	1853
86547	1868
86548	2501
86549	2475
86550	2492
86551	2462
86552	2370
86553	2341
86554	2326
86555	2941
86556	2908
86557	2756
86558	2750
86559	3393
86560	3402
86561	3067
86562	3244
86563	3267
86564	3212
86565	3176
86566	3528
86567	3538
86568	3498
86569	3653
86570	3676
86571	3644
86572	3991
86573	4092
86574	6665
86575	6649
86576	414
86577	1094
86578	4893
86579	2552
86580	2227
86581	5419
86582	6626
86583	4775
86584	6192
86585	6746
86586	4182
86587	654
86588	6629
86589	4285
86590	6008
86591	5762
86592	763
86593	1532
86594	4783
86595	5705
86596	5202
86597	554
86598	2449
86599	3725
86600	3889
86601	1438
86602	5464
86603	1711
86604	2701
86605	2591
86606	6043
86607	202
86608	541
86609	2758
86610	4214
86611	4251
86612	630
86613	5030
86614	1778
86615	1290
86616	6146
86617	1301
86618	2612
86619	5056
86620	5197
86621	4978
86622	5997
86623	5169
86624	3846
86625	2924
86626	391
86627	4724
86628	635
86629	6291
86630	1926
86631	4858
86632	4103
86633	794
86634	2231
86635	5251
86636	4237
86637	914
86638	2645
86639	5302
86640	2885
86641	5940
86642	286
86643	2785
86644	63
86645	5890
86646	1836
86647	6580
86648	3921
86649	7
86650	2854
86651	4580
86652	3565
86653	2843
86654	2997
86655	525
86656	3670
86657	6657
86658	1768
86659	5494
86660	423
86661	6509
86662	3513
86663	12
86664	1774
86665	1765
86666	919
86667	6009
86668	3074
86669	5311
86670	426
86671	3018
86672	3948
86673	1690
86674	4319
86675	1229
86676	548
86677	3161
86678	5065
86679	3496
86680	2725
86681	1777
86682	468
86683	2882
86684	4770
86685	3107
86686	5176
86687	6311
86688	5040
86689	4332
86690	4286
86691	4572
86692	6652
86693	431
86694	5068
86695	3147
86696	5333
86697	1507
86698	6281
86699	595
86700	5704
86701	4230
86702	1029
86703	2035
86704	4891
86705	6293
86706	5597
86707	6188
86708	4314
86709	4293
86710	3307
86711	3049
86712	3467
86713	6177
86714	6049
86715	907
86716	4437
86717	5692
86718	6347
86719	6637
86720	2967
86721	738
86722	3151
86723	4704
86724	2737
86725	6809
86726	6513
86727	5747
86728	671
86729	171
86730	6824
86731	6813
86732	6028
86733	6062
86734	3976
86735	4302
86736	3517
86737	5129
86738	2458
86739	2447
86740	2521
86741	2549
86742	1966
86743	2060
86744	3401
86745	3389
86746	2824
86747	2818
86748	2848
86749	2894
86750	2905
86751	6805
86752	5998
86753	1874
86754	2581
86755	4767
86756	1175
86757	3957
86758	4973
86759	1900
86760	1087
86761	1418
86762	6673
86763	4542
86764	5962
86765	2400
86766	4697
86767	5814
86768	4924
86769	2484
86770	2796
86771	403
86772	5817
86773	3842
86774	4552
86775	373
86776	2016
86777	3962
86778	4061
86779	3056
86780	1168
86781	5240
86782	708
86783	1007
86784	5990
86785	4486
86786	742
86787	1802
86788	1547
86789	652
86790	4064
86791	958
86792	6101
86793	5972
86794	3884
86795	2834
86796	2390
86797	5528
86798	1154
86799	3168
86800	203
86801	438
86802	4741
86803	4422
86804	6508
86805	2005
86806	5356
86807	3925
86808	2601
86809	6201
86810	3380
86811	2692
86812	108
86813	1630
86814	5980
86815	2347
86816	5897
86817	6148
86818	6781
86819	3945
86820	5847
86821	542
86822	2272
86823	2194
86824	852
86825	3696
86826	4790
86827	1581
86828	2319
86829	622
86830	6447
86831	1354
86832	3310
86833	338
86834	2696
86835	3649
86836	6519
86837	5999
86838	517
86839	4470
86840	3301
86841	65
86842	6249
86843	5035
86844	96
86845	2318
86846	1127
86847	495
86848	3625
86849	177
86850	1689
86851	5618
86852	3590
86853	1026
86854	6208
86855	1841
86856	2687
86857	5448
86858	3959
86859	6420
86860	104
86861	6458
86862	5317
86863	2761
86864	6324
86865	3859
86866	1297
86867	3277
86868	6439
86869	3766
86870	4148
86871	2578
86872	4917
86873	5190
86874	1106
86875	2608
86876	3748
86877	6661
86878	5753
86879	1857
86880	2691
86881	3669
86882	2406
86883	6342
86884	4913
86885	4125
86886	3998
86887	1573
86888	5645
86889	2820
86890	5756
86891	6698
86892	5885
86893	1217
86894	3811
86895	6147
86896	5941
86897	4351
86898	1661
86899	5843
86900	4763
86901	1143
86902	5071
86903	4931
86904	2482
86905	2518
86906	3162
86907	2684
86908	2703
86909	3798
86910	136
86911	5409
86912	5337
86913	4796
86914	2304
86915	6135
86916	1110
86917	3248
86918	4928
86919	3751
86920	4663
86921	5264
86922	6384
86923	1171
86924	5643
86925	3709
86926	4409
86927	1259
86928	1061
86929	6372
86930	5405
86931	966
86932	2268
86933	1970
86934	1876
86935	4004
86936	262
86937	4528
86938	3819
86939	5294
86940	1649
86941	1230
86942	6153
86943	4740
86944	2929
86945	2345
86946	185
86947	2505
86948	6255
86949	3579
86950	2135
86951	6222
86952	5093
86953	4970
86954	6371
86955	3359
86956	3378
86957	6582
86958	214
86959	6127
86960	4586
86961	1454
86962	5782
86963	5638
86964	550
86965	6282
86966	4938
86967	2782
86968	6655
86969	6048
86970	2049
86971	4660
86972	5709
86973	5653
86974	3472
86975	4871
86976	4860
86977	3190
86978	2957
86979	2606
86980	5222
86981	4849
86982	729
86983	4944
86984	2169
86985	2082
86986	1451
86987	3425
86988	5377
86989	6623
86990	4033
86991	2689
86992	2869
86993	2594
86994	2966
86995	2142
86996	6558
86997	1638
86998	1569
86999	6474
87000	6484
87001	6182
87002	5
87003	5039
87004	6675
87005	3505
87006	2533
87007	2600
87008	2381
87009	128
87010	2674
87011	3011
87012	4904
87013	6810
87014	3509
87015	4696
87016	5523
87017	2875
87018	3166
87019	5446
87020	2106
87021	5265
87022	293
87023	2695
87024	3634
87025	4224
87026	147
87027	242
87028	4932
87029	6569
87030	3414
87031	3479
87032	4172
87033	2617
87034	6123
87035	3115
87036	872
87037	897
87038	169
87039	1155
87040	4435
87041	6298
87042	2151
87043	3230
87044	2778
87045	3495
87046	1317
87047	4212
87048	5811
87049	217
87050	300
87051	4217
87052	977
87053	17
87054	415
87055	562
87056	1242
87057	3812
87058	6236
87059	278
87060	6042
87061	5170
87062	4417
87063	6788
87064	4441
87065	4911
87066	1068
87067	5450
87068	3195
87069	4443
87070	2936
87071	6270
87072	3631
87073	2285
87074	1088
87075	2225
87076	5384
87077	6499
87078	4847
87079	6559
87080	4017
87081	4347
87082	1656
87083	4535
87084	2926
87085	1283
87086	2206
87087	3305
87088	1515
87089	6633
87090	1979
87091	5683
87092	3110
87093	3087
87094	6586
87095	887
87096	6723
87097	1275
87098	6338
87099	2417
87100	2386
87101	4689
87102	6254
87103	531
87104	6056
87105	508
87106	6289
87107	894
87108	2256
87109	4771
87110	1269
87111	5123
87112	3026
87113	2715
87114	4547
87115	3493
87116	4259
87117	4240
87118	361
87119	5573
87120	6234
87121	3672
87122	1244
87123	5352
87124	625
87125	731
87126	964
87127	3404
87128	6078
87129	3466
87130	1122
87131	2403
87132	226
87133	2265
87134	1623
87135	4673
87136	2538
87137	2356
87138	3355
87139	5218
87140	6391
87141	609
87142	2
87143	1384
87144	6279
87145	6490
87146	3711
87147	5014
87148	4679
87149	3468
87150	867
87151	3034
87152	5532
87153	1864
87154	5142
87155	3597
87156	475
87157	3363
87158	3613
87159	3320
87160	6077
87161	4789
87162	2707
87163	3887
87164	3478
87165	1908
87166	4781
87167	6368
87168	4511
87169	149
87170	184
87171	1226
87172	4582
87173	6418
87174	3061
87175	3662
87176	1798
87177	6029
87178	232
87179	497
87180	5922
87181	4135
87182	2385
87183	952
87184	3694
87185	432
87186	4565
87187	3971
87188	4672
87189	830
87190	73
87191	3361
87192	4427
87193	4862
87194	4291
87195	3706
87196	5772
87197	6361
87198	980
87199	3687
87200	160
87201	2238
87202	5548
87203	2411
87204	5913
87205	3826
87206	777
87207	1215
87208	5527
87209	5343
87210	1993
87211	2357
87212	1333
87213	5852
87214	1657
87215	4617
87216	1679
87217	759
87218	3012
87219	2918
87220	1662
87221	1822
87222	6510
87223	1464
87224	5316
87225	6335
87226	3659
87227	1655
87228	6191
87229	334
87230	4098
87231	3419
87232	3924
87233	959
87234	4867
87235	2130
87236	2996
87237	2582
87238	6567
87239	301
87240	5267
87241	650
87242	1027
87243	5323
87244	3628
87245	3292
87246	4987
87247	2128
87248	6677
87249	5679
87250	6501
87251	2860
87252	6725
87253	3444
87254	3967
87255	2278
87256	1307
87257	1351
87258	5256
87259	1353
87260	2041
87261	4207
87262	1685
87263	1965
87264	5143
87265	6360
87266	6416
87267	3745
87268	2841
87269	6613
87270	6757
87271	2728
87272	5406
87273	4538
87274	848
87275	1332
87276	208
87277	6329
87278	3342
87279	4821
87280	4413
87281	3078
87282	1647
87283	1184
87284	2593
87285	924
87286	1667
87287	5956
87288	2613
87289	6033
87290	3045
87291	3269
87292	1136
87293	3198
87294	6269
87295	45
87296	3108
87297	5353
87298	5642
87299	4246
87300	390
87301	5535
87302	4652
87303	2073
87304	3714
87305	6111
87306	5425
87307	1612
87308	2705
87309	6319
87310	1665
87311	490
87312	1371
87313	2211
87314	2074
87315	4615
87316	3194
87317	5740
87318	5015
87319	6822
87320	2445
87321	6364
87322	4509
87323	5763
87324	6742
87325	3690
87326	1558
87327	1748
87328	3447
87329	181
87330	5984
87331	700
87332	5863
87333	5969
87334	2990
87335	5569
87336	5151
87337	4559
87338	4671
87339	2208
87340	6388
87341	1516
87342	1831
87343	3083
87344	6426
87345	3944
87346	4030
87347	3954
87348	1905
87349	4305
87350	5640
87351	3588
87352	3693
87353	6548
87354	2829
87355	1680
87356	6489
87357	5861
87358	1518
87359	5060
87360	2207
87361	2522
87362	1519
87363	1086
87364	5064
87365	229
87366	937
87367	6607
87368	6551
87369	4545
87370	999
87371	2970
87372	1060
87373	2410
87374	6666
87375	110
87376	6253
87377	4680
87378	434
87379	4197
87380	628
87381	1887
87382	2057
87383	3646
87384	2849
87385	946
87386	941
87387	5894
87388	2760
87389	701
87390	4322
87391	2017
87392	3941
87393	6497
87394	2764
87395	5576
87396	4111
87397	1720
87398	3664
87399	5373
87400	2452
87401	2542
87402	5437
87403	473
87404	3777
87405	4658
87406	213
87407	1013
87408	4028
87409	5745
87410	1589
87411	6122
87412	429
87413	5399
87414	4460
87415	6121
87416	900
87417	1305
87418	1996
87419	6790
87420	3483
87421	3735
87422	2746
87423	1382
87424	2112
87425	1439
87426	3637
87427	1851
87428	1938
87429	796
87430	4664
87431	1248
87432	4573
87433	437
87434	2374
87435	6562
87436	5310
87437	1715
87438	2553
87439	2018
87440	4726
87441	1000
87442	4294
87443	3252
87444	3243
87445	2368
87446	1842
87447	3731
87448	133
87449	1200
87450	3879
87451	201
87452	5134
87453	2353
87454	3099
87455	3065
87456	298
87457	6772
87458	5831
87459	851
87460	5433
87461	5479
87462	4837
87463	1359
87464	5371
87465	4428
87466	4487
87467	3137
87468	2267
87469	4637
87470	1488
87471	3656
87472	1686
87473	500
87474	5223
87475	960
87476	2948
87477	4583
87478	2675
87479	2651
87480	433
87481	4263
87482	297
87483	6401
87484	3258
87485	5567
87486	5839
87487	2395
87488	2536
87489	2111
87491	5926
87492	1470
87493	4757
87494	1948
87495	33
87496	3337
87499	2726
87500	4745
87501	4774
87502	3076
87503	6032
87504	5012
87505	3251
87506	2965
87507	5560
87509	4646
87512	5034
87517	395
87520	544
87521	6686
87522	1601
87523	5598
87524	4610
87527	4268
87529	4185
87530	3209
87531	4055
87533	3278
87534	6520
87535	2051
87536	4788
87537	1045
87540	5719
87542	4248
87543	1863
87544	3329
87545	657
87546	4588
87548	4665
87549	551
87550	253
87551	965
87552	5253
87553	6683
87555	2314
87557	798
87559	3006
87560	1810
87561	2807
87562	352
87563	1294
87566	5327
87567	152
87568	5767
87569	690
87570	6023
87571	2743
87573	1210
87574	5104
87575	1865
87576	4574
87578	372
87580	6779
87581	5586
87582	2378
87584	768
87586	4260
87587	3146
87588	106
87589	2219
87590	4940
87591	3598
87592	2240
87593	4005
87595	3206
87596	1643
87597	5633
87598	2247
87605	5305
87608	5730
87610	2698
87614	3530
87618	3125
87622	1866
87623	4599
87624	6804
87625	1705
87626	2898
87628	2767
87629	4474
87630	6747
87634	3013
87636	3949
87637	5708
87638	2315
87639	144
87640	3804
87641	5801
87642	4181
87643	2489
87644	3030
87645	4950
87648	6770
87649	3734
87652	454
87655	5766
87656	4499
87657	2383
87659	2401
87660	6263
87662	1377
87664	1613
87665	973
87666	1445
87667	3319
87668	1343
87670	4037
87671	566
87675	444
87676	5354
87677	5338
87678	4762
87679	3532
87681	4119
87683	4308
87686	1188
87688	2847
87689	2570
87690	2203
87694	4467
87695	3130
87696	3743
87697	5619
87699	175
87700	3445
87701	4613
87702	6662
87703	4280
87704	3368
87705	1833
87706	5445
87707	2405
87711	197
87712	505
87713	5182
87715	6389
87716	3048
87717	82
87718	5248
87722	161
87725	6773
87726	2770
87727	5442
87728	3471
87729	5208
87731	3940
87732	2800
87733	1243
87735	3619
87738	655
87740	3961
87741	336
87743	3771
87744	5815
87745	4039
87746	6576
87749	1675
87750	1501
87751	4974
87754	5542
87755	1241
87756	3103
87758	5993
87760	4630
87761	3362
87762	6704
87763	4415
87764	2139
87766	3007
87767	360
87769	2392
87770	4810
87772	2856
87773	709
87775	4914
87777	285
87778	1063
87782	448
87783	3503
