88
18248 577 1
18275 602 1
5643 527 1
3929 133 1
34785 213 1
11444 93 1
4078 223 1
18241 575 1
5876 692 1
15049 902 1
35594 886 1
39924 787 1
17643 341 1
1265 159 1
12239 195 1
35307 658 1
35671 915 1
35038 420 1
17605 306 1
34736 187 1
10492 271 1
13950 51 1
3846 71 1
23822 804 1
17499 16234 106
35566 865 1
18817 681 1
3904 117 1
1669 373 1
10530 302 1
41065 837 1
21461 68 1
34859 279 1
34663 139 1
34994 367 1
23903 882 1
37660 198 1
4832 432 1
14913 611 1
3787 47 1
21589 252 1
12410 32008 222
19251 883 1
39955 822 1
3800 53 1
22321 605 1
34947 337 1
11643 535 1
40239 193 1
19176 35850 65
10522 291 1
4875 444 1
34737 188 1
18648 621 1
11774 771 1
14124 371 1
14243 513 1
11517 246 1
35355 688 1
23517 332 1
35406 725 1
12570 571 1
22428 858 1
13689 377 1
6780 814 1
22421 856 1
5740 574 1
37633 162 1
18255 589 1
4950 470 1
14179 433 1
4122 249 1
6902 906 1
15690 14 1
17663 356 1
3212 23 1
11596 384 1
10452 209 1
35065 487 1
23627 563 1
12325 265 1
10423 173 1
40067 839 1
35482 784 1
17253 130 1
35470 777 1
5638 526 1
6701 736 1
