5659
19075 37492 140
13937 3669 135
17459 62681 67
41096 54211 67
12217 11097 146
6975 48548 241
18104 63652 108
37959 68140 188
7004 64427 241
19946 59205 179
14013 61048 265
7004 66366 240
12057 59737 148
7004 60000 240
7004 59152 240
24279 42837 262
39162 42896 158
7004 50208 240
7004 58842 240
21326 67253 27
7004 56852 240
7004 66287 240
7034 54933 180
24211 61469 140
12621 54843 26
7004 61363 240
7004 59732 240
21326 66345 213
41104 46084 113
7004 53672 240
2287 62699 3
9211 12142 21
7023 44477 180
7004 54168 240
10581 19902 47
6859 48679 6
7004 55216 240
26077 65765 260
7004 43324 240
7004 57667 240
13937 60098 58
41882 64507 102
14167 12213 265
7211 62500 185
36692 53876 86
6802 48909 143
7004 56060 240
16930 49609 26
7004 11818 240
5734 47592 114
35860 48826 240
2278 1862 28
12676 40178 236
7004 67501 240
20939 60380 114
1829 43614 262
7004 52683 240
11706 12269 103
7004 64751 240
15191 15231 133
32823 19676 212
7004 47442 240
6985 45206 127
15231 53453 47
41882 46455 166
7004 43832 240
7004 44489 240
37617 68222 92
24211 58293 142
7004 40086 240
7004 51026 240
1687 54823 159
12217 53039 131
13435 48446 260
18807 48702 22
12217 49415 103
4653 66579 32
38148 19830 168
16224 59179 135
9111 12361 39
8099 33770 148
7004 53121 240
19993 44784 92
12142 47137 47
5734 61879 26
20024 5864 187
41882 62273 99
12142 60751 112
7004 60532 241
13353 57233 38
22443 50039 265
7004 45245 240
4996 57612 142
39764 61894 135
15231 54547 167
7004 61370 240
21326 12088 21
12142 55552 38
7004 51743 239
4577 61003 13
32644 63921 155
7004 54718 240
7004 63301 68
32008 64210 161
7004 2006 240
24279 42998 257
12599 57261 249
41882 49321 155
1203 37539 126
21326 58120 221
12396 43830 71
39931 48064 252
17406 65397 47
36320 51396 33
21051 21014 112
39764 67161 135
6985 60341 231
9288 53500 262
9110 53628 140
36692 45719 146
7051 2273 131
7004 53247 240
5681 47666 8
12269 34009 142
7004 46612 240
6985 55562 127
21326 58801 263
39931 63345 252
36358 1527 3
12217 45497 33
7004 67767 240
7219 16072 27
26533 42537 171
7004 57383 240
9110 60207 136
12396 46955 161
16930 59036 153
2243 8099 86
21326 50321 91
7004 58222 240
5864 26385 6
15231 48008 167
4795 57714 142
11781 6975 264
7004 53412 240
12142 52481 155
36343 7200 260
7004 67842 240
7004 50692 240
13419 55324 198
18489 57522 248
13353 63634 38
7004 49118 240
6941 32438 103
36718 63018 133
2287 66639 3
26680 20004 158
7004 50533 240
7004 50818 240
7114 60126 242
18790 58433 130
41882 53889 92
7004 47592 161
32574 66670 91
32008 64696 188
12189 63733 249
35188 56604 37
15231 61815 131
21326 49251 164
32823 26600 158
18812 53247 77
9068 36323 105
24323 33565 257
11037 11220 29
7004 55374 68
5734 22687 157
4653 37368 32
36772 53217 133
6985 43562 127
38288 57555 90
6729 13372 6
11740 53221 148
13937 46622 201
37617 61716 242
37945 9166 86
13419 46735 198
7004 24265 240
7004 66950 161
13419 48299 198
7004 55618 240
35860 46919 239
32008 50608 201
6997 67561 100
32008 66773 257
21326 49273 27
26664 7017 239
19227 46509 197
11220 45067 117
35778 5734 113
2126 31807 238
4808 60885 56
18273 42886 6
21326 12789 33
37492 43956 140
32008 60899 245
11205 11043 29
37492 53584 173
21326 52151 27
6985 64748 42
7004 51009 240
12441 12164 249
42309 44517 92
19333 62856 193
5791 45168 6
7004 52344 161
7004 56340 161
15718 51465 47
32856 66374 103
6985 64879 247
12113 43086 77
12142 61634 26
17484 62676 265
32311 55217 133
32008 47838 245
7004 63961 68
12142 20931 32
24211 57519 140
39162 51606 180
16224 51681 143
19337 44364 175
7114 52967 21
18790 9110 143
12142 44482 26
21326 61546 27
13291 13301 47
25820 64762 82
1130 46457 117
15231 52546 45
32271 46818 226
6985 67739 127
15192 67066 6
7004 58755 240
38318 47865 182
12189 34868 249
35235 68596 42
28879 42795 91
28879 32356 91
12142 48236 26
34454 20821 113
19081 63861 248
24294 61815 131
26533 35964 42
41981 36320 231
21326 47777 126
7004 50482 240
7127 45528 27
7004 67383 240
12142 66246 26
35235 61966 188
7004 44669 247
17294 18790 248
21326 67688 40
7004 50352 240
21326 21625 266
7004 53615 240
33787 23858 126
12621 47832 37
13353 45528 38
24211 50337 142
7004 62438 240
35235 52206 202
32528 35860 209
7004 66159 240
13910 23782 123
7004 55922 240
41882 54150 29
19852 61722 92
7004 63143 241
41981 18807 38
21048 45722 114
7004 57177 240
32726 19336 43
12057 50753 148
17363 42999 269
7004 48705 241
17368 50853 172
32823 54185 212
7004 62992 240
7004 48017 240
7004 55581 123
16270 19902 47
21038 11165 112
18812 56597 77
32903 50625 262
7004 46915 240
36718 46332 158
6985 56244 167
33946 36650 133
33531 2007 105
19336 66827 3
33531 53402 105
7004 49775 240
7004 46756 240
14142 3894 90
39764 53433 165
21326 62676 77
7004 36959 240
7004 44979 240
7004 54371 240
6941 56278 3
7004 46748 240
35731 35860 102
5734 16260 114
12269 26688 21
36692 53409 103
32008 45291 201
32116 38148 3
7004 63204 240
14217 36528 133
21139 52892 39
7004 7164 161
26600 6985 266
7004 66029 240
7004 68285 240
17040 36650 77
12113 62421 256
7004 64319 161
17406 67901 266
12269 67455 133
5734 56374 114
18812 54225 77
26118 62434 239
7004 41079 240
7004 45298 240
7004 50976 240
7295 61815 131
6975 66990 252
9068 42464 105
5734 52543 188
13435 52352 260
36358 55918 171
36358 60799 267
6975 42940 231
15231 49190 167
37492 37643 140
7004 43874 240
36718 48211 133
14954 64232 112
4861 13419 6
22454 21509 255
7211 43660 27
7004 64278 241
21326 45770 114
9288 53039 131
21326 7059 38
14227 55833 265
7004 67569 240
26118 64261 138
24279 59104 257
24279 12227 131
15974 33770 148
26680 2413 32
7004 16038 240
33787 47975 124
17810 17659 188
12217 44505 103
7004 46674 161
25562 63221 113
7004 54052 240
2278 54512 231
16224 44151 140
19336 56171 68
7004 57190 240
36650 56527 180
1310 21326 22
37492 64278 102
1304 57290 126
5734 55121 188
7004 64903 240
7004 47364 240
12142 12751 42
32008 49045 94
6985 63475 165
7004 58211 240
21509 65114 161
7004 51011 240
7004 57455 240
7004 13017 240
41882 53090 166
35979 58181 145
32097 51095 113
24279 56632 46
7004 51863 240
4653 55912 134
35188 51459 39
7004 43704 241
39764 44112 135
7004 53592 240
21509 50678 102
7004 56372 240
18812 62006 77
7004 64285 161
4653 63256 32
17212 58880 188
5734 35778 114
7004 47544 240
4867 36561 196
39162 19241 26
7004 48447 240
13419 36547 198
7017 44446 102
36718 49854 176
21082 21283 114
26164 43010 91
13937 61652 193
36718 12727 39
7004 63974 240
39764 64029 173
35188 66374 103
7004 38016 239
8099 36374 27
18790 55961 130
35706 56144 114
32823 46736 264
28879 64744 91
21326 62248 27
11759 56910 147
15192 44085 6
7004 46443 240
15231 65568 47
18894 45964 58
7004 51088 240
36320 36314 32
21693 63306 236
35254 45909 146
7004 43051 240
12813 51163 212
37492 43062 173
7004 25766 161
21326 64723 42
7004 64457 161
5734 67712 171
12189 66360 249
16224 21296 173
18790 55176 173
36800 49297 28
7004 1657 240
36608 48641 46
36800 12088 39
7004 68147 240
1203 61437 213
10375 49939 239
13937 66799 58
32008 49236 201
7004 63829 240
36358 47101 113
20939 54681 117
21326 61959 56
7004 65636 240
18812 59973 77
16224 47636 173
16089 21326 212
1130 22733 117
35235 48315 136
13242 62838 135
7004 66007 240
7004 37314 240
7004 43810 239
37105 50744 91
6940 61490 37
18807 60268 266
11740 55349 148
7211 44850 27
12113 65426 213
1102 1234 180
32482 19337 262
18812 64701 77
7004 55219 240
7004 60677 161
35860 56344 180
36320 49748 37
24211 56161 140
19337 44932 102
6941 52263 168
7004 53209 240
35212 61401 249
7004 58230 240
14167 57957 265
36130 66945 166
23595 55617 188
33845 45605 187
7004 45883 240
24294 9188 131
18812 49098 77
37220 45844 114
37892 49213 265
41096 61385 67
5734 54122 114
26077 54774 114
41882 48068 113
37315 21326 148
37892 50968 265
28879 62931 91
7004 45855 239
7004 55565 240
16224 57295 135
6985 37617 127
21326 46412 221
7004 47133 240
28879 62575 91
7114 58107 47
21326 46775 221
7004 63269 240
7004 49580 240
18790 18799 130
7004 65365 161
13242 54512 75
21136 51639 97
16930 48189 257
4653 39899 26
13419 43085 198
17648 19266 54
36320 32195 32
6975 51268 180
7004 44347 240
36650 54680 127
7004 11647 241
7004 51831 240
39764 68300 188
7004 52167 161
36791 52227 176
7004 58390 240
16224 56505 140
6975 50355 238
7051 28563 131
39764 6977 165
32481 17308 236
21326 48167 213
7004 47218 240
25562 66280 113
15231 43216 47
7004 26385 240
39995 46968 90
7004 54109 240
1130 44354 117
7004 7021 240
4653 55217 32
12217 65067 146
12142 61546 33
35860 51156 238
12217 23395 32
38148 42076 205
18807 59043 164
13419 50355 209
12217 68599 32
7169 6985 128
25562 56680 113
34385 15192 201
12356 63128 130
36320 51484 47
7004 64252 240
1130 38074 117
11220 46752 101
33787 53231 122
12599 52975 249
12142 54730 213
12057 49840 148
18790 51706 142
36358 53423 151
7004 68309 240
18790 51579 130
7004 62029 240
24211 67180 142
17406 59009 236
36692 63401 28
19946 46570 100
7004 54071 240
24279 48244 262
19337 7012 58
5772 40050 13
11140 44545 29
7051 50952 125
20932 52707 140
14973 54675 140
36320 54517 39
21326 50619 27
7004 44420 240
20939 67177 117
15231 43500 126
19909 44337 71
19336 44231 168
19153 19168 188
7004 63029 240
5734 43322 13
6941 52205 266
7004 20072 240
6916 19776 193
14126 44079 248
36853 55386 170
12142 35412 39
19336 2095 113
20953 53578 82
4653 57227 103
7004 32239 240
37929 66667 90
11220 10488 92
15789 6997 163
7004 46716 240
24294 45402 71
2287 53870 3
16224 51914 143
7004 63330 240
12396 62475 166
7004 60483 157
7004 65631 240
6940 47083 86
13419 68382 198
32008 68083 114
7004 64840 240
40091 13695 201
28879 58252 91
32574 42521 148
6997 55324 233
21326 11102 266
19336 24918 131
40450 42637 27
7004 49520 240
21326 55998 71
1203 50956 145
21745 41882 172
25708 52182 113
7004 59611 241
1179 2287 252
1831 49044 113
21082 21082 112
7004 52761 240
7004 12980 240
24211 57267 142
13960 47736 201
26533 47032 180
37492 47059 196
41890 54909 114
32823 47823 158
18847 56791 108
3850 12621 151
7004 51864 240
12599 63701 249
7004 51995 240
36718 55682 213
13419 57639 137
37492 12231 165
37492 46862 248
37156 21557 270
7004 58757 240
5898 32496 121
39764 62490 188
13419 53388 198
14227 47188 265
12142 42858 148
32341 42532 153
7004 54981 240
7004 46508 161
26118 44071 138
21343 7017 75
26533 23787 123
7004 53191 240
19336 63258 3
20939 66802 117
13419 64719 198
7004 63262 240
20994 58642 136
26118 60053 113
5734 45458 204
19916 66195 99
17406 49687 42
20939 53313 117
7034 15192 118
20929 53067 112
7004 61730 240
35811 5734 113
7004 63114 266
37492 64378 193
4808 60275 140
12217 47834 32
24294 10409 81
15192 67629 171
8099 50642 131
7004 63675 161
19336 50661 71
2287 51875 42
26815 56652 153
15948 19336 262
39764 57145 202
7004 45299 240
11740 42620 148
7004 60837 240
19336 44457 168
12269 49183 133
7004 62435 241
7004 48043 240
40160 12142 39
5802 66454 121
36528 50904 126
28879 46305 91
2287 2170 3
16224 51682 140
19337 49251 46
5734 34237 114
26077 45817 114
13937 67975 58
7004 65490 161
39162 55394 77
13960 65313 201
13419 44805 198
39162 55175 204
39764 66790 131
40000 58992 90
6941 60531 3
11332 7200 260
6791 58855 142
21326 52390 27
7004 60355 240
34329 64071 193
7004 61238 240
12113 55003 213
6985 50732 236
5734 61968 21
24294 66009 164
7004 55677 240
17525 63807 108
17838 18004 188
1501 42680 3
16224 59204 123
6940 58791 13
36608 42620 45
7004 61984 240
9166 46129 131
36320 61549 37
22529 51824 77
7004 50419 240
7004 52275 40
12621 54801 26
7004 59699 240
38148 65213 118
6985 42903 91
7004 63874 240
15192 56083 148
7004 61382 240
34134 59784 113
2287 49629 38
22443 61273 265
33892 35860 102
21427 35860 102
13419 58598 198
1130 33885 112
7004 21412 240
13419 61395 198
25708 43424 113
35212 43139 252
12269 63951 122
16224 52940 173
6985 36780 247
7004 50220 240
7004 60907 240
26533 54521 39
12621 13756 32
5734 19803 114
25012 19776 193
2287 46356 3
19369 55323 3
7004 67634 161
7004 65373 240
9068 67963 105
7004 43296 240
2287 59939 3
17055 12142 148
6957 26164 236
13419 61251 137
7004 46682 240
21326 61465 145
22443 54389 265
6941 53410 196
1829 68352 185
7004 62888 240
15231 54910 167
7004 46950 161
20843 47153 180
1130 46680 117
11204 46541 100
21326 54541 266
2278 48288 122
3557 67098 6
32823 50523 264
23595 44784 92
38005 26077 266
7004 64378 241
6940 46322 245
7004 55055 240
28879 26546 91
33531 57634 105
7004 47712 240
7004 65506 68
11243 56006 29
19336 43740 148
4653 66537 32
7004 12815 240
7004 53566 240
7043 48638 124
36943 52833 28
26077 50552 114
32574 32899 86
24279 55656 131
7004 50147 240
36718 15580 133
7004 67177 68
6975 48071 196
7004 65331 240
7004 46520 240
12868 12142 47
4669 47696 8
2173 6941 3
7004 60298 240
36650 55627 26
35212 37193 26
36320 58077 77
37810 58459 90
32903 43725 262
6997 49949 242
35860 57437 6
7004 64313 240
13242 62133 135
38360 7011 113
16224 55818 142
35212 56686 231
15192 61808 98
7051 49477 256
32008 55401 265
37235 12621 188
12130 7004 126
6941 66680 103
32655 36718 110
7004 46563 239
14157 43075 95
7004 43024 240
7004 46406 240
5734 58255 114
7004 53506 240
13419 65629 197
7004 52394 68
21326 64331 213
25708 49572 113
40392 7004 26
22443 11642 265
8099 37657 26
7004 62490 240
12269 60744 21
35858 24948 187
18829 64915 208
13419 1460 198
7004 2326 240
22529 66781 77
13895 43374 124
6941 54386 196
35860 63956 252
7078 64690 212
34134 18184 144
24211 55509 136
38034 53377 47
7004 45406 241
24279 67806 131
7004 26075 240
26533 64640 103
40178 48104 157
17389 64892 142
7004 58965 240
4807 64864 6
12131 6941 163
25527 65621 113
7062 32550 137
19126 22734 54
1102 60730 180
24294 47317 164
23579 47847 79
13419 63725 172
21326 32630 27
7004 63014 240
4041 7211 171
7004 54134 240
36608 64279 46
7004 43890 240
7004 48135 240
7004 56513 240
14921 64359 108
7004 53162 240
12142 48602 33
17925 63757 108
32435 6941 162
7004 61304 240
7004 61264 161
36528 54980 126
32823 57142 236
37492 53725 135
10600 31707 29
5734 53822 112
7004 68170 240
18790 57891 8
12113 57632 167
12142 62145 42
7004 68577 240
35235 52764 144
7211 54456 42
6997 65574 242
31807 68157 161
17351 58963 188
7004 56610 241
1130 46806 117
7004 62659 161
7004 64904 240
18790 51642 130
7211 60450 42
7004 62924 241
5734 60705 114
7004 51481 240
6985 54153 182
19337 43872 168
26077 32436 113
5734 47571 114
7004 49915 240
5734 66936 182
26533 32346 45
6997 44784 161
7004 52336 240
32008 48504 103
32008 66074 178
7004 64758 240
28879 66954 91
17600 63391 108
20842 49939 97
35188 56685 33
21326 41998 3
18812 59106 77
35490 12142 47
36718 62695 133
7004 48429 240
37492 10589 173
18807 57572 165
5734 58561 68
7004 41197 161
16224 52241 173
7004 47751 240
11797 56119 3
7017 57487 140
36963 36800 133
18812 61471 77
24045 36201 58
12113 53504 133
19352 34437 147
12217 59085 122
22322 35860 102
7004 67821 240
7004 47141 240
11759 56733 68
34454 67254 82
7004 47992 240
20973 64080 249
13419 67038 270
24211 59337 140
26510 46238 105
12142 63649 245
39764 37505 37
39764 66845 135
7004 46070 240
12115 32008 39
17977 57591 248
26533 61815 131
7004 52462 240
7004 48291 161
19336 60398 161
13960 54368 201
14089 66606 265
25562 51292 82
13937 61647 193
41882 51236 140
12142 66525 32
34258 43476 144
7004 22716 116
13937 43693 193
7004 64352 240
7004 64812 240
36772 48677 133
7004 52657 240
24211 51642 140
12599 55720 253
21326 24007 42
12396 49019 99
32829 35188 201
21037 44229 112
17406 67443 266
4080 44061 209
36650 57776 86
4653 65255 161
38178 68503 90
6940 43443 13
37655 35860 68
7004 53025 161
36718 37592 33
33772 66338 265
32008 56470 103
7004 64276 240
16072 40475 164
37492 62787 135
2901 57494 6
7004 56983 240
6975 51062 113
11270 46970 155
7004 53982 240
13419 64468 197
21326 49064 38
7004 62278 240
7004 53634 240
6941 42697 91
35860 46933 250
18790 55163 173
7004 52823 161
12217 40243 32
35903 46982 175
7211 33655 27
6975 38212 130
36650 50953 131
12621 43135 32
21114 57597 248
5864 54482 6
7211 11216 266
7004 45317 240
7004 63003 240
7004 46581 240
5734 46306 114
39764 57632 202
39764 53838 188
37492 66481 173
12113 37299 167
37631 37645 13
35972 7017 271
13615 56202 213
7004 56611 240
36202 54157 182
6975 45954 238
37949 46446 266
20909 45814 112
7004 54905 240
7004 64127 240
21157 56729 142
7004 37894 68
16224 53553 135
2016 65684 158
7004 50081 240
16113 9053 39
12217 51697 193
12269 47726 133
39764 52237 202
7004 42484 240
7004 45683 252
14036 37869 13
18812 61240 77
7004 59398 240
7004 42456 161
7004 34307 240
32140 2287 82
39162 12488 77
32200 5734 113
1938 6975 204
36718 47035 82
4653 61274 32
22286 56403 179
21136 46567 97
7004 63559 240
37492 47059 136
34329 56180 5
16224 65166 210
32008 38327 94
5802 44116 121
35860 6950 197
7004 52720 240
11126 62432 71
7004 52107 240
7004 64964 240
13419 63965 198
39764 49776 165
11759 51291 147
39764 53704 165
38288 63430 13
21326 44236 263
17440 63757 108
15192 60745 148
22840 43380 126
12599 53142 253
2287 46354 3
13937 66174 196
7004 59556 240
7004 55053 240
7004 53316 240
17790 64194 58
9135 61808 117
6985 54125 103
7004 60920 240
32775 7209 27
6941 48226 178
21326 40477 114
38158 1829 158
12477 49070 38
31807 45407 161
7004 19797 161
7004 7010 240
21326 57969 27
9285 63379 105
7004 46568 240
21025 66186 113
7004 54059 68
6941 65166 266
15231 36576 122
32923 35860 68
7022 48247 180
7017 17665 135
41843 41191 158
35235 49677 162
7004 36496 240
12355 36216 38
32481 67497 93
35860 66876 252
4116 38375 121
7004 54342 240
17192 45909 260
23580 43083 79
25708 36352 113
6975 43924 101
33531 54090 105
11220 46752 161
10392 46455 69
39764 42802 173
35235 58623 3
3864 68546 6
4653 43202 245
23691 43405 126
13419 59179 137
12142 45115 39
7004 50092 240
11740 51463 31
5802 63155 121
32008 40492 103
4798 55227 172
7004 57696 240
5734 42963 114
19968 46897 92
38148 56840 257
23528 36320 79
25708 59669 113
28879 42588 91
36709 44590 117
35188 49599 262
3932 48096 202
37492 55553 173
13419 48205 198
12229 32574 33
36718 47863 133
7004 59025 240
7004 52845 240
12227 6975 264
13960 62182 3
40409 2287 3
19336 66150 148
1130 34324 117
7004 44725 116
35860 50702 99
4672 48400 121
2287 50580 40
14954 56995 112
13353 54917 124
19336 44246 168
13960 63616 201
7004 51017 240
12113 54703 37
5734 57901 175
20939 13645 117
41310 17406 113
28879 42740 91
7004 55967 240
7004 49566 161
20939 67678 117
32008 64059 103
7004 2165 240
15192 67985 13
5734 68027 231
11220 10488 69
7004 44363 240
13419 56733 198
7004 55925 240
40191 36202 37
26077 61799 114
40450 42732 110
26118 64445 239
7004 67908 240
7004 60045 68
7004 54559 240
7004 16270 240
36709 65170 172
7022 49481 180
6737 47932 126
12113 59395 256
16224 57790 142
7004 43705 240
21326 46684 266
7004 56353 240
17600 55785 253
18807 53126 39
36650 40392 77
36320 60593 37
24279 32951 131
13419 2389 173
19336 56088 255
7004 53695 240
6975 57586 130
6985 43234 114
3557 42375 6
37492 56244 188
36650 53358 77
4905 58352 8
4653 47777 32
6940 64296 37
34454 33022 113
7004 49954 161
7004 67495 240
7004 58947 240
21509 47953 102
7004 53616 240
7004 55957 240
33531 65828 105
7004 54222 240
7004 55314 240
12775 46129 131
7004 65553 240
36320 37091 91
7004 50307 240
20961 66068 113
21326 49341 27
11795 9285 38
6802 55004 13
7004 46413 240
14979 67622 113
26533 61269 91
15231 66482 47
5802 35191 121
35860 68616 241
13419 54381 198
7004 21454 161
32732 46509 197
15231 65441 46
26681 53391 153
7004 50636 240
12599 61480 253
12231 36650 32
13419 62066 197
36718 52854 38
7127 55997 27
16113 51561 39
39876 6940 180
5734 45824 114
19318 57289 161
34978 12142 42
6737 68563 79
15725 49471 33
14979 61621 144
36358 60038 151
12142 1392 33
7004 60927 240
10530 48398 69
7004 55600 161
1829 50719 68
19336 24911 131
10581 6975 102
39764 50879 173
7004 45124 240
7004 40558 240
7004 48375 240
21309 63517 255
7004 51638 161
41882 50283 69
2321 7114 124
39764 44699 201
41882 5589 92
19993 61316 178
21326 57945 27
11759 52635 161
35123 6975 168
20950 60035 180
7004 40373 161
35776 50994 114
12142 35655 40
7004 59663 68
12142 45115 42
36943 54046 28
7004 62546 68
18807 66511 145
5734 53480 114
19336 52635 68
12142 66292 40
38031 6975 102
28879 64767 91
36528 49631 28
9068 32364 105
10372 49024 166
22844 6975 161
36692 57049 28
7004 63979 240
7004 53431 240
16161 13301 47
13419 47516 173
20939 50479 117
13419 58075 197
2287 54092 42
7004 47080 240
7211 44115 75
7004 66378 240
13419 55888 198
41964 19846 242
12164 61667 253
1203 48603 145
7004 56082 240
7004 56183 240
5802 59717 13
15725 57029 33
24279 49845 131
7004 55326 240
40191 12269 40
6975 65536 238
7004 50146 68
3450 52715 258
32008 49045 188
1372 63445 213
36130 65766 238
7004 49664 240
6786 61163 142
14979 64469 144
41191 63283 252
13960 56795 201
6941 35824 196
6985 63402 128
16224 53484 209
38288 55478 90
7004 42401 240
7004 66834 161
4653 41121 26
7004 52981 240
9226 36650 126
12088 12164 40
4867 35860 68
32574 2243 245
36608 56361 167
2901 37951 6
6940 32454 112
12142 40191 40
7004 46702 240
23595 52635 71
38140 36951 79
36650 49488 77
7114 49314 77
7004 59348 240
4759 4759 111
36608 45050 131
7004 40328 240
36320 43314 113
23416 54892 26
1720 59945 97
6997 47963 68
14227 60226 142
35736 35860 161
13419 54791 198
7211 68050 266
18144 64402 102
7004 44239 240
7004 61708 240
7004 37950 240
7004 55897 98
7004 55813 240
19274 58239 151
20939 6926 117
6917 25708 136
38062 1829 231
7004 15198 240
35176 12142 39
34172 35860 102
7004 50193 68
41096 53814 67
7004 66190 240
32008 47443 151
7004 52572 240
19941 13937 71
19158 63811 108
7004 56072 161
17928 46785 172
20953 57445 82
19946 57413 90
28879 42655 91
12217 53502 212
8934 50635 262
7004 62557 68
7004 52159 240
19817 44785 147
37892 49727 265
20973 63787 249
38148 60624 266
36320 66772 32
22836 13757 38
36718 36847 171
36800 42750 28
12813 44531 212
7004 49488 240
14227 59976 166
19336 62187 3
1829 37700 68
28879 62037 91
12142 52892 37
25637 46775 82
37617 41109 147
14984 53657 136
13419 59052 198
1130 46749 117
2287 1499 3
13419 46369 197
7004 58902 161
7004 12150 240
7004 66951 240
7004 35295 240
24211 54382 140
7004 60584 240
25562 52541 113
15990 59771 28
7004 48514 240
26554 43665 91
13419 46888 137
19336 47481 103
41988 43966 158
7004 64329 240
11220 51391 117
37492 45447 173
12269 66033 236
21326 8784 42
7042 16101 32
19337 63779 168
1335 56271 126
7004 49607 240
4580 51595 136
12142 11659 176
7004 49350 240
2199 5734 171
7004 47252 240
11583 7114 110
17885 62081 252
32823 62589 212
7004 59373 240
25708 45898 5
7004 13076 161
5734 15675 114
17705 32550 54
1203 65941 126
7004 57755 240
21775 35860 209
7022 47153 180
7004 57221 161
32008 35759 130
21326 63027 40
13419 64062 197
37655 35860 102
1130 19872 117
7004 48241 240
7004 7035 240
19336 50237 5
26533 51285 45
7004 65316 161
20953 60600 37
18872 56177 269
7004 7148 240
7004 50875 240
12142 60958 26
2287 61206 3
6985 51162 155
7004 51282 240
7004 46703 240
4653 47152 56
41882 13372 102
7004 66480 240
6940 52755 114
18812 15073 77
14954 48109 112
21326 53539 27
12217 1785 32
19336 54288 167
7004 43325 240
7004 48030 240
2278 51297 231
14954 52102 112
5682 48895 6
19337 67290 204
20929 60816 112
11759 6950 198
16224 57578 140
39764 52265 201
38359 52736 91
12217 51818 37
6985 49579 162
36943 65740 58
12113 66556 151
7004 65849 240
7004 44340 240
20976 59304 97
12269 50572 27
7004 68177 239
12142 48270 213
12142 59367 33
1831 36910 113
7004 67744 240
13018 40554 165
7004 44727 240
19336 63332 193
36780 16930 262
13419 43568 198
6867 45579 6
11759 49909 68
19968 61932 172
12202 46489 117
7004 56449 240
7004 52266 240
39931 62863 252
18790 51723 143
7004 52197 240
3557 55884 6
34370 11759 236
7004 55429 240
7004 60136 240
7004 46600 240
13419 36182 197
7004 62168 240
14954 59747 112
7004 39906 240
20961 61269 113
39764 50035 117
7004 55872 240
12142 35490 39
7004 47622 240
6975 43924 102
7004 66973 240
7004 50073 240
12599 65249 249
7004 68085 240
3893 48297 258
21693 59426 236
7004 61196 164
7004 40225 68
5734 64598 68
13960 55844 201
12952 52709 13
7004 61369 161
32008 53441 178
6941 48831 103
20843 48669 180
1089 50629 117
21048 21326 21
26533 68404 42
32823 67508 212
39764 62041 165
7004 60976 240
12217 52039 205
7004 11102 68
26533 44505 103
7004 61965 240
8328 4653 231
36358 58452 58
7004 48224 68
5682 55177 140
17527 28879 131
33531 52090 105
36358 50092 231
38095 37716 13
15580 36800 32
13960 60568 201
36528 50953 131
19337 38031 102
28879 45396 91
7004 36247 240
41943 68410 90
7004 62996 240
13242 66265 163
19229 19229 190
8099 56281 86
7004 46970 239
7004 64241 240
32311 48271 153
12621 1785 32
12621 52955 39
7004 66224 240
7004 65098 161
41882 58493 140
20941 52717 114
21326 57360 114
13419 50057 197
21612 56924 147
12621 13644 40
24279 58296 131
7211 32202 27
12269 32947 33
7004 68502 240
41882 45146 102
16224 57674 143
7004 64538 240
6985 47823 247
18807 32498 145
2170 2287 3
7004 2090 240
1089 49108 180
7004 52988 240
13419 63888 198
7004 8652 240
7004 64267 270
7004 55423 240
32311 32302 91
7114 43293 213
36608 62674 176
16224 56448 231
18273 58857 130
11759 58597 155
24211 68181 140
13419 64308 198
7004 47126 240
31807 31853 161
13937 54580 270
37219 52747 136
37492 52746 188
2339 45922 231
19336 42937 68
7004 15194 240
6940 36505 180
5734 37968 21
39162 63501 204
37617 21152 168
24123 45800 122
7004 62506 68
9342 62909 29
36320 37053 32
16224 66219 173
7004 43118 240
1203 43439 47
5927 57304 248
12183 44397 249
7004 46664 161
33839 68011 138
13419 60339 197
26533 6951 168
40102 13242 37
4653 46109 81
7004 44978 240
23595 44339 226
12621 52955 40
21326 54693 103
36718 60746 167
18812 57241 77
36790 36800 39
7004 47619 240
7004 54450 240
19336 45544 167
7004 60934 240
21038 46446 117
38148 49446 42
17821 35860 209
19953 41124 168
4808 57475 179
6941 34024 168
12142 49301 33
12183 49270 249
4890 61167 142
15231 55552 38
36320 60916 32
17202 18915 248
2278 21784 231
7004 62201 240
1829 55387 56
33772 61763 265
7004 53692 240
13937 47530 193
7004 50488 240
12142 67447 26
7004 67053 240
6985 34437 127
7004 66558 240
7004 68245 240
12217 53949 151
14954 45633 140
39764 12100 37
7004 66052 240
12142 60874 37
6985 57495 165
7004 61838 240
37617 37501 137
5864 54483 6
7004 60449 241
19946 65624 112
41882 66907 92
6941 48740 84
20961 43021 125
32481 54794 151
2160 56269 21
6975 43924 238
5734 20064 127
26533 66610 45
8149 22462 125
13937 67122 130
7004 65610 240
20979 46994 114
36987 1203 126
35212 54578 26
37492 49242 248
7004 47537 241
5734 51399 175
6975 56208 239
7004 52027 240
12142 63588 26
7114 51205 257
13419 58536 137
32008 63127 179
4018 54885 6
24211 51698 140
7211 57986 27
18812 62588 77
19337 59012 168
34444 44949 77
39162 59449 77
40077 12142 40
7004 44009 68
20953 50828 91
38148 57736 103
18200 5734 269
13419 60080 173
7004 44578 241
18872 64318 269
7004 49841 240
6941 61080 112
32903 60832 212
12113 37346 167
20028 31697 71
12142 23964 39
21152 44082 142
24187 65921 262
8149 46302 125
6941 51404 39
12164 64899 249
41941 41191 112
7004 52716 240
1203 49518 122
12621 52734 26
9285 53402 105
5734 62828 3
18790 63140 130
7004 40255 240
11220 46742 101
36650 53750 171
7004 56767 240
7004 63536 240
13960 67511 201
6997 46509 198
25708 25709 180
7004 51033 240
1130 46574 117
7004 68239 161
10506 12142 98
13419 62460 197
13419 59920 270
25555 1203 39
6941 46202 196
6765 45554 6
42004 55788 69
40373 12599 37
32311 32285 153
2287 52162 40
18790 47174 248
33790 21557 270
12599 63844 249
32066 44206 68
18855 57631 56
13419 50190 198
37492 56799 135
7004 32307 240
32677 6941 213
6940 59488 82
7004 61100 239
10996 12815 161
1278 51729 46
41882 52478 29
36800 47196 126
32753 16224 75
36718 24918 131
7004 48311 240
1623 24279 27
7004 47065 240
32541 20953 175
7004 47877 240
25708 56818 117
7004 32935 240
7004 62852 240
36320 46509 198
39764 54862 170
36692 63257 231
7022 56145 249
12269 52014 133
7004 66931 240
7004 36822 240
7004 40583 161
7004 60044 240
7004 44261 240
12621 49306 40
36800 52187 37
6997 12624 37
6941 50638 131
19369 1174 3
12599 54446 249
38288 66556 97
36716 35860 159
7004 44012 240
25708 60385 5
38288 61047 202
9285 44961 105
26591 48130 28
7004 45639 240
7004 57661 240
35743 5734 113
7004 57388 240
36358 55254 28
12142 48312 213
9285 59556 105
21466 21326 253
7004 54526 240
7004 64053 161
7004 57950 240
6985 44043 127
6941 59028 77
21132 52756 142
37625 13937 13
7004 56758 240
21326 61575 27
11759 67196 233
21509 62407 102
28879 42545 91
7017 50068 102
21326 51113 27
21415 36800 39
1102 67884 180
7097 7004 179
38148 67282 56
36320 23818 91
6941 64836 178
36800 59542 163
12621 47738 32
12217 12230 226
7004 53659 161
36608 61785 46
22443 63501 265
26533 58425 45
7004 67401 240
7004 52646 240
13419 58337 137
7004 47599 240
1203 64818 231
36358 53144 159
7004 61748 240
7004 54804 240
13353 45322 125
32008 55552 173
7004 65338 240
36718 59269 133
16103 7004 26
17354 58869 188
38318 56102 182
38288 45546 202
6941 58541 3
7017 57515 202
5734 61563 3
7004 64224 241
14921 45909 193
15716 52909 182
37617 15165 165
36650 48303 124
32823 32517 212
28879 52834 91
7004 65815 161
7004 25634 240
12113 47012 227
12599 63861 249
32481 63927 40
36800 52983 37
39764 13973 37
7004 56958 239
7004 40462 240
21326 49534 27
7004 46178 240
7004 48766 240
24211 43076 142
7004 52304 240
39764 43913 165
7004 44525 240
2171 6949 3
7004 58697 240
36608 56677 171
19336 67357 3
28879 65420 91
1130 46639 117
7004 55489 240
7004 50911 240
7004 56229 240
7004 55976 240
26075 5734 102
12189 63832 249
4743 3864 142
36650 37448 131
1203 54311 171
12599 66037 249
19336 57052 240
19337 65339 102
7004 53570 240
28879 42870 91
7004 58118 240
39764 44221 165
6941 51261 168
7004 67513 240
16224 59740 135
21326 48473 3
1829 60357 231
7004 1821 240
7004 50373 240
13419 56436 173
7004 50157 161
24294 47338 131
12193 44832 241
5734 12840 114
37492 66954 173
6985 56741 236
18102 63723 108
12142 12837 40
17406 67215 178
7004 19804 241
7004 46525 240
7004 23446 240
24279 50656 27
5681 52857 6
7017 55851 166
21326 66436 91
17406 55811 266
32661 19336 175
37492 51985 173
7004 50643 240
39928 65430 68
41882 57489 248
42007 58294 187
24279 55831 21
18915 22740 67
8149 50463 123
24279 46065 131
12142 42648 26
5864 58707 142
1130 48689 97
12621 52866 40
19852 51154 92
35188 51407 77
28879 45327 91
28879 44933 110
38288 26658 241
7004 35399 240
21326 43753 27
7004 47977 240
7004 59454 68
7004 46671 240
35860 47181 238
33847 50032 144
34559 15789 163
14167 55773 172
7004 46574 240
41890 49603 114
7004 67056 240
7004 57409 240
7004 45214 161
13338 33787 122
11759 65369 68
13435 65177 260
7034 65969 180
7004 57789 240
7004 52287 240
18812 50793 77
26600 16224 75
16224 64674 173
7004 64513 241
5734 66142 188
7114 66482 47
32008 12520 46
18901 58402 53
1203 40492 122
37492 57658 248
7004 61303 240
1129 60703 114
24211 57463 140
14167 32131 188
36542 12142 201
38148 43085 40
26077 26087 114
13419 1182 270
32008 42464 178
7004 55188 240
20031 57852 47
7004 53440 240
2278 50911 3
7004 64584 240
14979 61621 138
36699 21326 133
39162 68110 114
7127 58052 27
7004 43998 68
7004 56691 240
36772 56606 133
19336 43854 242
3834 44141 266
38148 63944 185
37617 44216 250
7211 45891 118
7004 68021 240
21326 23432 42
36650 42735 27
12113 36916 133
25562 51023 113
7004 46352 240
35860 59750 239
23538 61539 79
7004 56174 161
7004 6973 240
20973 66256 249
5734 34208 144
19908 58765 168
36608 45938 257
36595 36528 133
7004 60028 240
12142 51435 39
15231 59243 86
12573 47353 38
24211 57363 140
12396 51074 166
33787 53687 122
9068 68226 105
39764 52544 173
21326 51870 178
35860 50051 247
7004 66647 240
12142 43581 40
8099 67288 86
20953 59804 82
9157 13353 86
26533 42668 103
37492 40328 173
7004 1546 240
7004 24121 68
35860 54584 226
36320 45867 33
12599 58556 253
19336 59833 185
6941 63780 168
35860 58084 252
40138 5734 236
32883 43961 22
7211 55849 27
6997 47285 233
7211 49368 27
7017 55100 102
7004 62006 240
7004 60693 240
21326 49263 27
1203 49132 213
21326 43961 38
6975 47227 188
13419 57201 197
7004 48396 241
21532 44401 75
32883 24248 86
11566 41096 260
11221 11220 29
4808 47456 193
36950 32008 188
13419 17610 198
20929 60111 248
14979 47688 187
16224 52671 241
17192 44341 125
7004 47224 240
21395 63637 179
32517 28879 212
6792 57407 142
7004 60183 240
7004 54919 240
26118 55213 113
13353 55714 266
7004 59258 131
18489 66798 135
5682 58308 142
17406 55328 37
25907 63348 168
20939 55160 114
19336 61426 47
32008 61984 201
19993 52635 71
39764 53391 188
7004 61087 240
40178 47359 157
1130 25879 83
7004 52189 240
6940 58561 68
21086 46574 226
12426 43584 249
22733 4653 240
13960 66704 201
19336 44543 168
13419 37627 198
37492 36554 265
28879 42520 91
13937 47034 209
12142 56915 26
21326 62004 266
7004 49512 240
6816 5734 113
6941 53089 171
6975 44767 239
26591 63048 213
37492 55736 173
24323 41965 122
12548 47057 114
7004 55070 240
12192 50542 140
7004 46308 239
7004 37446 240
7004 65422 240
7211 60552 118
32903 42735 262
21326 44593 3
11680 12142 21
36800 42553 37
36358 67390 231
36650 37958 37
7004 67203 240
37639 6737 122
21326 43591 27
13419 64378 197
19336 49655 47
19336 43072 5
4735 58587 136
13937 47123 196
33772 56361 265
25708 33994 98
7004 62378 240
18812 44614 77
6997 67774 68
1136 64933 28
36800 47051 39
39764 51846 136
34140 60922 187
13960 36542 201
25562 66858 82
13435 38123 260
11759 62557 68
36320 44967 68
7004 58725 239
38394 57329 90
7004 60544 68
7004 64339 240
7004 67823 240
34559 34634 117
7004 49502 240
28879 52007 91
5927 17378 248
21326 44686 263
7004 48645 240
19337 65488 102
1102 60725 180
7004 52166 240
16072 63148 164
17166 37492 137
1167 21509 168
13419 57638 137
6941 66828 158
7042 11740 39
35860 52668 238
4854 54374 121
41882 54881 68
7004 50445 240
36216 12621 39
7004 63406 240
6941 67230 245
6997 43976 248
22693 61873 125
10424 52141 155
26533 49719 40
25562 62705 82
6941 49949 168
22443 52676 98
7004 50274 240
7004 56367 240
19783 57436 71
11220 55210 38
7211 52542 42
41882 60717 248
36650 58026 27
7004 54138 240
9156 2273 164
35212 36324 252
16098 60764 47
4871 54618 121
13937 51117 140
7004 43865 240
22693 61873 247
34055 66161 113
12189 12441 249
11759 31817 145
40091 6985 128
36608 65207 176
4653 65937 170
7017 64378 185
41882 47025 102
18812 66609 77
13419 44583 197
7004 51038 240
18790 66954 173
12599 45171 253
7004 46793 240
21326 49114 266
7004 50178 240
13419 56117 198
7004 43122 240
19336 63372 233
7211 24279 27
8934 45528 262
40073 33787 124
32165 36320 58
15671 15632 46
21057 58468 248
9352 46427 29
19336 67774 204
18807 53497 148
7004 36229 240
36299 23595 146
37492 32274 173
35968 47406 138
13366 36718 103
7004 63121 240
7004 52096 240
26688 32823 27
7051 65014 131
7004 52809 240
7004 65592 240
41191 60124 185
16224 43526 136
25649 46574 82
39764 44621 165
7004 68522 240
13615 62397 213
28879 42618 91
7004 46977 240
37492 46414 270
7004 54183 240
36718 46877 133
40193 12396 28
7004 58615 240
28879 50955 91
6975 61091 239
5734 47455 127
9156 63058 164
18273 63032 6
7004 60924 240
9110 57273 136
8149 66049 236
29308 14979 153
6985 51142 247
7004 15673 240
37892 50254 265
41882 64941 29
32008 63465 77
37159 35860 102
16214 68451 71
37492 36217 140
19337 65369 241
16224 37513 135
38148 57455 92
13366 12217 103
36718 50803 167
12396 43829 75
39764 57788 165
7004 10409 68
7004 51211 240
25560 51638 113
4044 37480 6
26083 26077 114
12599 63894 249
21326 59889 27
12821 12294 40
7004 46397 240
6985 67052 127
12202 46684 117
12230 32929 33
7004 65721 240
7004 50892 240
7004 67421 240
7004 64293 161
21326 55599 3
37492 66762 188
7051 56166 264
6941 53055 3
26087 54774 114
7004 48965 240
7004 68177 240
36608 32898 257
12202 57455 117
21326 43580 27
33531 52144 105
36939 52606 151
7004 46262 240
7004 32523 240
36650 47752 122
28879 15674 91
37201 37475 117
7004 54308 240
15120 2087 133
7034 55937 112
15192 56705 148
12619 12142 47
36184 6985 231
7114 66374 103
32008 56892 262
13419 45815 198
9068 65942 105
6977 1761 168
7004 48706 240
7004 49286 240
20914 6975 161
10609 35860 155
39162 63287 26
36358 44066 26
39764 65598 173
34635 12142 151
32823 57819 212
36718 36741 133
26536 35860 255
6941 55877 103
11220 64378 102
38327 15192 201
21152 55673 97
38378 12621 37
13960 67537 201
7004 40193 240
35235 42525 171
19336 66716 136
21326 40191 21
13419 45290 198
1130 46765 117
7004 63112 161
9110 55478 136
35363 13419 151
7004 32916 240
39918 20051 179
37492 53263 173
7004 49528 68
6940 50116 179
13353 67221 231
35860 52938 239
7004 60317 240
7004 52602 240
2398 6975 144
2287 63465 40
7004 63391 68
18812 52241 77
7004 50416 240
26868 52153 153
7051 11542 125
7004 46436 240
2278 50611 112
7004 50316 240
7004 50211 240
26118 53222 118
7004 59724 161
13937 56897 193
14954 68272 112
39162 47165 26
15192 45273 6
11740 62078 31
1082 60914 180
11167 50324 29
36358 53742 130
7004 43056 161
33787 53167 122
8183 36650 133
12113 67069 161
12189 44141 249
13393 55027 13
21036 66087 180
26545 66023 153
18095 17192 188
41912 19336 21
36358 7020 13
6975 55691 239
6997 64539 242
19337 61490 102
13419 58204 198
32008 2326 179
4653 66526 32
7004 59881 240
13242 42636 75
13937 44337 193
35706 44062 114
33787 47818 133
7004 43108 240
12699 13353 198
19337 64978 168
7004 56438 240
11759 63176 236
7004 19992 240
13960 67739 202
39764 54685 202
7004 54737 240
41882 53741 92
12142 58817 90
35188 45221 236
18489 45877 56
24211 64522 140
16224 67645 265
38178 58286 90
7004 50329 240
21326 52777 144
7004 11625 240
11740 67597 148
7004 58089 240
7004 61506 240
6940 67595 97
12142 63592 249
1130 46309 117
7004 57335 241
19336 45188 187
12952 65166 201
15231 42588 167
1826 4653 231
12269 45257 77
28879 59883 267
32481 52938 263
7004 46644 240
13419 62709 198
6941 24202 3
8099 42640 131
7004 66686 240
37186 61072 112
6997 11102 68
7004 48560 240
25562 61630 82
19337 67796 179
12164 63695 249
36608 50841 28
7004 48125 240
14013 57412 168
11740 12394 26
7004 50746 240
6802 54497 13
13419 17571 198
5734 64776 114
9174 19337 22
36692 48815 133
26680 37519 103
18807 60473 42
16224 62057 140
38148 54050 77
7004 59794 240
7004 48783 68
12217 57751 135
18812 64625 77
12113 43667 46
26680 67177 68
37492 55619 173
9285 42691 28
7004 60062 240
18812 63308 77
28879 47880 91
14113 55354 168
24294 46957 81
24123 65972 28
13615 56020 213
12142 54094 39
13419 57137 198
36692 65653 28
16224 41249 209
36718 50659 236
5802 52323 121
5802 54394 121
32574 26526 91
26118 47393 239
12142 59219 33
21326 68168 27
9288 38149 171
32903 51122 262
21036 20754 112
12599 59682 249
1814 34444 39
21014 62897 140
39764 48863 135
17925 45117 188
36608 46002 213
21612 58933 97
18060 48870 190
17223 58583 188
7004 57629 161
7211 59215 42
12142 53915 32
36358 53375 3
7004 56295 240
13419 57202 140
7004 56161 240
13242 53643 227
37219 64220 97
18872 64385 269
12599 66728 187
6802 54978 142
10418 44005 92
7004 49603 240
39764 67004 202
36950 36650 77
13419 67196 198
33845 43410 113
7004 47755 240
7004 46633 240
5734 32263 114
39764 42854 165
7004 43329 240
7004 64994 240
12113 66877 151
7004 48522 240
41096 50449 185
18814 34444 148
7114 65992 148
7004 14916 240
7004 49718 240
37473 20859 179
20856 4653 226
35860 56167 241
7004 68014 240
32883 24120 86
7004 53254 240
7004 59455 240
7004 61290 240
7211 43938 263
12113 37091 256
18767 18767 53
19336 50206 168
7004 58429 240
35325 60060 172
13615 55291 213
7004 42877 240
12113 45017 86
7004 36686 240
7004 57976 240
4073 58350 142
11220 44337 92
20975 57772 142
7004 52042 240
7004 6924 161
12142 16074 26
11205 44194 29
7004 43085 241
22443 48655 265
16224 57368 143
35254 62001 136
38148 43086 77
7114 56706 77
35235 28696 135
19923 44188 29
6975 50951 250
38288 63657 158
38288 62521 202
7004 60680 240
12821 59024 26
21326 49285 27
7004 56040 241
19337 48436 204
6966 34134 248
5734 62643 3
32823 65970 33
7004 54681 240
32008 58102 257
21326 12643 27
34454 32436 113
7004 55101 240
7004 47898 240
7211 51101 263
32903 64584 264
7004 14943 240
7004 61111 240
36097 57431 84
13419 58384 197
7004 41981 240
37684 12481 47
19336 66933 167
4653 56074 32
12269 48138 37
1156 2287 3
7004 60562 240
36320 59895 81
39162 52836 204
21326 56987 27
7004 54580 240
13353 55997 38
7004 47281 161
12269 44328 133
8099 67640 27
7004 68255 240
7004 63777 240
7004 53852 161
7004 46502 240
2359 61740 138
21326 45291 123
7004 66991 240
20953 48249 82
3932 45008 202
7004 36484 161
7004 42934 240
7004 45536 240
13353 58056 47
2278 59691 28
18790 64468 209
20953 64872 187
7004 64457 240
13960 53556 201
13937 52386 142
41191 67177 250
4653 53915 32
19336 68199 185
17918 43912 56
1829 51896 103
6952 7017 271
4653 51033 162
4783 58850 6
38288 47528 188
7004 35187 68
32008 64696 94
7004 61361 240
7004 34300 240
7004 36682 240
34444 47756 39
42004 43485 69
1130 11216 117
6985 49180 127
7004 65129 240
33587 35860 161
7004 34324 161
36692 37728 28
36320 49886 77
36718 11103 68
25708 67255 113
12217 52131 103
13353 56714 38
12142 54080 213
5734 51170 138
7004 51747 161
11220 64191 67
39764 42778 165
13419 47999 198
13018 64037 137
7004 51190 161
5734 1642 77
7004 56205 240
5734 47437 114
7004 46648 161
7114 63467 122
7004 56646 240
7004 63921 240
6941 53560 91
8099 49265 131
35235 44028 188
7004 54942 240
21133 20897 114
7004 49114 239
1829 44239 56
7004 65525 161
14954 58586 112
12142 11686 42
13419 60532 197
32008 68597 257
37219 39447 97
7004 64018 240
36692 58140 159
18812 59777 77
7004 47464 240
24211 44947 248
36320 54170 33
7004 62834 240
7004 60038 240
36608 61014 176
20953 40297 187
36650 40172 77
6940 43926 158
7004 60403 117
7004 64970 240
39764 44110 188
7004 67955 240
6985 42941 210
7004 61829 240
32823 55017 264
32008 48123 201
36320 48195 32
12127 38148 153
31807 46786 100
7004 51108 240
20939 62434 117
12113 59680 86
10996 46766 161
25562 48320 179
36692 64180 86
25562 55013 82
7004 65063 240
13419 42489 198
13018 47220 165
34134 46911 144
12217 53915 32
19336 47315 28
12192 57765 140
7004 31941 240
7004 12901 240
7211 65178 266
7017 57486 140
7004 54944 240
7004 15763 240
7004 65506 161
37654 38302 6
7004 24992 240
1078 42918 180
18812 59253 77
7004 1757 240
6975 49922 249
36791 11659 176
37186 37466 112
7004 46729 240
18812 67648 77
16224 45843 209
13419 6922 198
33997 68138 112
18110 60177 188
7004 67743 240
21326 52866 40
22507 61022 207
32481 67583 145
7004 57024 240
19814 65100 161
12142 34668 42
28879 67461 91
7004 63179 240
9262 35089 21
26680 60730 245
7004 59600 240
7004 50034 240
9285 65681 193
35539 12142 47
17885 52852 252
7004 45679 240
7004 48567 240
21850 4653 103
6985 57643 13
5682 55177 111
13242 46883 166
35860 57089 238
7004 17063 240
24353 32823 27
12142 63035 213
2278 56048 231
32883 61449 22
23595 51665 147
25562 50376 113
33531 45932 105
13419 61734 198
36791 60843 148
37062 37538 231
23595 43959 147
6975 54533 252
7004 51235 240
7004 55417 161
21326 49278 27
22659 11220 226
36650 40501 46
26680 61681 103
36718 54159 146
38034 45399 47
23538 47889 122
37062 12113 231
7004 43696 240
7004 52146 68
8099 1271 131
7004 56545 240
1829 62321 242
5734 65792 114
5734 66468 127
18790 19990 143
19337 63261 118
20994 58245 142
28879 59353 91
7004 50168 240
20972 32157 113
1846 1407 102
5864 45525 6
23595 50454 56
21114 47668 140
12142 7219 33
6985 67451 114
26561 39162 38
21326 65321 164
7004 66698 240
1130 20064 117
21326 51633 3
7004 56450 240
7004 7172 240
20042 32311 185
7051 46130 131
38288 56285 188
32574 53489 148
6997 56253 100
32651 7051 38
21326 7158 27
7004 43405 240
19336 16090 3
36650 42618 46
37217 57876 90
17192 45861 202
26070 26077 114
38288 60647 158
32485 13615 231
7004 67698 240
13353 49526 47
19333 58895 90
7114 43703 37
37492 47268 173
7004 55934 161
7004 45809 240
33839 68011 144
16072 55759 262
32008 63426 92
25550 1372 148
7004 65379 240
12142 11322 39
25562 12487 82
15217 15231 46
7004 52913 240
7004 53133 40
41882 56210 68
21326 61318 164
9285 56088 105
37492 57496 188
7004 38031 240
37492 48442 135
7004 37201 240
1130 46534 117
7004 62368 240
20953 48531 82
6985 47599 236
28879 45445 91
40077 11759 213
7004 62026 240
2287 48670 3
7211 50571 27
7004 51741 240
21037 1668 112
26648 6941 3
35860 53799 238
12142 45118 56
40284 4653 142
6985 59669 236
36718 68306 239
38031 16224 75
36358 62323 126
40450 42861 110
11663 36800 123
11759 44663 127
7004 53668 240
36791 42443 148
11759 55811 68
32255 36320 179
7004 53665 241
40138 36320 37
7004 55829 240
7004 44279 241
7004 56533 161
21326 26710 91
7004 57619 240
7004 65328 240
7004 52486 240
41882 51743 161
7004 65769 240
5734 50279 127
38149 12142 40
7211 63391 266
2278 37188 231
26545 52153 153
1076 56341 257
5734 53558 26
12142 49685 26
26680 56997 98
8934 55997 262
19337 11659 176
12699 7114 198
7004 49914 68
7003 41882 127
7004 64124 240
7004 57042 240
9339 64226 100
36320 55523 81
4653 56715 32
37246 53989 114
21509 64501 161
7004 60257 240
32481 51712 145
26126 40475 164
6941 26649 91
38034 64010 171
7004 65850 161
12599 66392 249
12217 65573 122
12599 43854 249
7004 49810 240
7004 42557 240
35860 57640 168
38379 36320 47
7004 67746 240
4653 56392 213
5734 47606 182
7004 59363 240
6941 50590 125
12142 55840 159
19337 63332 193
7004 50938 240
37586 4808 188
8099 45274 86
7004 50449 240
35212 63340 252
7004 67622 240
7004 46767 240
7004 52188 240
12217 15150 42
34329 67874 113
21326 44348 103
16224 55617 90
7211 65357 42
7004 63046 182
40132 5734 113
38394 51612 90
4808 61015 205
19916 19870 270
17234 18013 188
6985 19109 236
7004 53696 240
37617 60525 71
21326 46686 221
32008 55320 172
7004 45924 240
28879 45479 91
33772 55324 265
20929 57278 180
24279 65925 47
37277 18807 265
7211 44785 263
24211 59179 140
15231 59481 148
40175 38257 121
5879 60219 8
7004 49909 68
36718 52732 256
36358 51599 46
7004 67587 240
21326 33770 27
36081 60472 114
26118 56324 113
12269 43683 21
26126 53826 164
12599 63684 249
3557 57820 8
7004 59213 240
35220 26118 239
7004 61480 240
39162 62985 176
36800 56330 28
12426 49545 249
1102 43149 180
6975 64082 247
32741 51077 133
19993 67094 81
18790 34778 173
1130 45029 117
6985 47031 155
1130 46689 117
13419 67708 198
13419 63596 197
32574 68112 105
1203 54105 38
1130 21278 117
13937 59828 265
6941 61877 158
39162 24247 77
16224 61175 142
19336 66582 257
7004 50414 240
36650 32337 171
16224 42389 137
5802 37303 121
21060 65499 248
7004 62339 240
14227 52502 166
6941 55658 32
35860 51018 238
36692 42940 231
7004 51097 240
36201 68141 268
18807 55404 171
7004 67736 240
32732 49741 3
26077 45927 114
7004 43197 161
7004 56518 161
37617 48787 242
12227 7051 33
7004 55057 240
36320 47787 32
33531 52049 105
35235 55365 188
21115 6941 75
7004 54927 240
36650 43400 213
36650 67293 77
38111 67860 170
7004 66128 240
36718 49422 131
7004 46523 68
3557 68521 8
13937 46509 143
12142 59491 32
37492 59044 140
7004 43475 161
25708 65121 5
7004 59659 240
19336 1739 3
7004 57608 161
35865 5734 114
7004 56006 240
7004 61607 161
36560 59229 42
32903 59841 212
7004 63690 240
7004 58138 240
38288 42846 188
18812 68017 77
7004 57011 240
7004 48305 240
7004 34437 239
9285 63086 105
35188 62960 68
32823 66892 212
32008 13027 179
21326 67237 27
12269 16928 133
11759 64781 147
38148 60209 140
26680 43798 32
7004 36893 240
36718 11103 100
7004 54992 240
7004 43120 240
32328 2278 68
7004 15819 240
31910 18790 135
24211 65754 248
37492 54723 136
6941 45283 213
15674 4653 151
7004 60994 240
7017 66109 102
9131 35235 185
39764 64338 117
16169 54095 40
7004 55641 240
7004 39945 240
12230 24279 33
20979 64062 114
11220 52829 161
32229 6975 155
41882 49214 185
7022 61391 180
16072 42602 164
7004 56158 240
7004 47362 240
12142 62112 42
5734 60138 127
36718 49082 38
6997 56469 147
25708 15612 5
10357 43503 69
39162 67912 114
21014 52717 112
41882 67184 29
36320 49276 33
25658 43075 114
6894 32008 173
14954 68354 112
16224 67258 209
12697 32236 252
4854 65654 121
33772 64517 193
14093 54642 265
1829 44724 175
11759 52635 71
18812 56851 77
1130 46766 117
25708 42510 113
7004 50115 240
7004 24971 240
7004 48577 240
21014 20739 112
20868 47504 84
15685 67306 33
16072 28563 164
7004 57822 240
6802 54497 6
7004 37281 240
22529 43850 142
21326 54753 91
26077 45172 260
13419 3855 198
7004 48986 240
16024 19336 97
7004 43066 240
40166 36800 32
13937 48842 58
40463 54501 38
1325 56997 3
6806 26147 39
7004 45345 161
37492 45343 204
24211 4120 140
34454 65656 114
7004 54933 240
20978 48500 112
37424 61182 90
7004 53742 240
7004 68366 68
12217 50656 27
18807 43295 127
1829 57455 92
7004 63553 240
13419 63851 198
34258 64756 144
7004 43057 240
12113 64792 37
9323 49871 29
5898 32496 6
7004 62942 240
2287 50911 125
19336 59234 213
7004 46528 240
19337 53599 270
13419 46573 198
11135 44537 92
15097 6975 210
19916 55549 98
18790 62283 121
1829 63192 236
23595 54263 147
25562 55436 5
35212 61385 201
41943 58892 90
7004 63917 240
38148 51588 42
9311 61743 138
7004 44069 240
5662 16192 95
36188 12142 47
7017 68293 135
13960 65301 201
19138 55827 108
36358 11633 148
5802 62623 121
19336 59675 245
7004 58928 240
7004 35996 240
7004 54583 240
32193 31872 255
7004 54598 240
6940 62227 37
32547 44923 131
38148 42887 205
7004 56732 240
7004 44065 240
36692 45718 146
11759 68050 68
12142 56357 32
34134 42460 113
36650 48382 13
2087 1094 165
7211 65997 27
7004 65606 240
15192 60364 6
4954 4968 142
12396 62526 166
18925 38323 258
39931 56275 252
6985 9131 39
2278 61552 231
7004 47590 240
7114 59127 133
20941 21014 114
7004 52665 240
18855 57404 143
5734 61495 255
7004 62548 161
12189 66124 249
7004 55889 240
6847 4653 121
37294 49912 71
38140 66421 79
21326 52523 242
7004 42447 240
9179 47615 236
36650 59790 40
21326 56054 27
7114 15789 40
20925 53098 248
21326 49704 56
7004 49026 68
16224 48075 210
21136 67963 140
1203 45384 32
11301 57309 29
17763 58404 143
6838 64775 6
4593 36800 256
16224 58548 140
6941 59851 56
7004 9150 161
18807 56065 128
7004 22716 161
39764 67620 165
19336 51263 168
7004 2233 240
21326 44882 27
5578 18807 239
35212 55926 250
38148 40276 236
26533 47333 45
25708 45888 113
9326 44345 69
41191 60084 185
6975 46179 252
38288 64689 241
6940 44848 97
7004 55736 240
24279 49205 86
7004 47331 240
7004 68286 240
5802 57515 121
7004 44416 240
7004 45326 240
32481 51071 145
40428 6941 171
12426 60144 249
16113 58114 40
26679 13960 201
7004 63448 240
24211 57684 136
18812 55352 77
19336 67707 47
7004 47397 161
13419 44796 198
12621 9126 40
21326 46763 221
2287 55323 3
21326 54213 213
7004 6955 240
5734 5855 56
41096 66477 68
20858 20859 179
7004 44815 240
9285 46970 264
21326 21596 114
12217 49040 38
7043 52906 39
6737 19965 122
12113 36956 167
12142 54250 38
7004 59807 240
7004 42621 161
37294 45172 147
20939 46390 117
36718 38035 77
21057 56338 140
7004 18807 240
5734 53780 68
12269 48560 21
6985 60230 231
13960 62740 201
12183 66577 249
7004 48468 240
21326 60857 56
7004 37523 240
6940 57977 86
18807 50748 127
38288 42846 90
32481 62532 103
24294 49122 81
2008 46814 248
38148 62397 118
7004 33994 240
33531 59177 105
18790 66577 210
12088 36202 37
15231 59462 262
21326 49356 27
39764 57647 165
7211 42683 263
1174 35860 204
12142 43245 40
16224 38366 210
2233 15192 77
38148 39902 245
26576 9179 262
13419 64719 197
20927 25537 112
13419 64307 198
22443 62935 265
7004 50171 240
11204 46541 101
36608 45542 176
35334 64853 252
20990 45767 112
7004 43347 161
38178 57926 90
7004 50000 241
4837 63201 6
34192 57685 144
7004 58890 116
7004 40162 240
7004 63400 240
13419 55830 198
7004 49560 240
8149 58559 125
5734 50625 42
28879 57198 91
26554 43426 91
7004 64937 240
7004 13115 240
39764 56838 165
24271 32547 27
37492 55290 173
7004 6945 240
7004 45912 240
22386 19336 112
19337 59972 207
20843 1642 180
24211 55896 140
7004 60223 240
10406 32550 227
7004 44794 240
35771 61936 135
7004 51936 240
37492 49989 135
21326 54631 262
7211 43771 27
7004 43858 240
24211 61864 248
9285 43355 105
7127 52402 27
6940 52026 97
25872 25527 83
7004 50002 68
13419 56861 197
20939 46722 117
14998 57173 140
7004 44397 239
13419 61023 198
41842 41191 158
10424 52501 71
18790 46268 173
7004 55893 240
26533 49930 103
34454 65513 114
15192 68494 90
21326 68196 144
37492 47429 140
24265 19909 127
7004 67797 240
7004 45468 68
39764 44804 165
11220 45345 117
2287 53456 3
32008 57170 142
2901 56688 13
20939 17018 117
7043 53163 47
36650 56286 77
32328 36358 68
23938 12426 98
6975 67578 241
14032 6924 265
32660 19336 262
4556 57357 8
7004 50162 240
20939 12815 117
36530 37492 46
11759 46814 147
7004 54197 240
5734 53334 179
5734 67995 114
32008 43396 179
36650 62728 171
36299 11220 146
24187 49437 262
32165 37617 58
7004 44570 240
37498 7004 102
4662 51088 269
3864 42861 6
10357 46895 69
21326 61809 27
7004 42725 161
38288 57479 90
12142 37946 159
18790 61146 210
1831 60939 113
6997 52260 248
4114 53726 185
7004 64361 68
36358 63321 58
5734 45898 114
1278 64700 188
32311 49067 86
7004 61275 240
18807 56752 127
2287 47756 3
26533 50138 145
1203 60380 180
7004 60564 240
7004 54306 240
41882 50880 29
32008 48286 179
37201 50205 117
5734 60926 114
7004 46006 240
13937 45906 108
37961 26533 21
24211 59665 140
7004 47738 240
18807 53746 165
7004 48725 240
1312 2287 37
12269 43157 133
39764 54932 13
36358 59823 148
13208 19791 134
32008 50449 102
12088 12142 42
9285 50976 105
13419 51886 198
6985 46096 247
10418 44005 29
21326 20036 26
19337 63186 168
22443 43645 265
26118 57629 239
7004 64859 240
16224 44151 135
16224 57274 143
16072 66503 164
7211 50002 263
4808 44671 140
39764 44624 165
7004 55199 240
7004 52083 161
12421 12164 249
7004 59553 124
21326 46722 221
6975 59688 75
32008 54305 257
32008 67930 258
7004 68283 240
7004 54624 240
37475 25602 5
7004 62577 240
42004 55788 92
13937 47642 140
7004 55761 240
20935 57220 140
7004 44619 240
8184 19337 182
11759 58725 147
2089 53505 3
7004 49785 240
32903 63536 213
16930 43564 47
7004 46909 240
5734 49645 77
7004 61937 240
2287 60579 133
5734 56024 182
7004 32174 240
14979 65787 113
7004 52732 240
13419 55251 198
31807 64277 102
38690 68443 90
24187 12088 148
9352 43869 29
19337 59138 204
21326 9263 263
32574 52080 86
40178 52604 103
36943 68090 28
7004 44507 240
12269 56086 133
7004 35702 240
26648 35860 185
6941 59323 213
38003 1863 175
1130 25843 5
7004 60753 240
7004 47469 240
36718 43136 133
14167 44641 170
6941 55877 175
5734 49741 114
32081 7017 147
7004 50053 68
9285 48085 105
2288 36320 151
6985 64296 247
16224 68017 173
12189 64466 249
7004 65408 240
39764 57583 165
7004 45989 240
13242 62150 75
36561 46338 37
7004 56533 68
5662 36170 95
18915 17202 248
15192 63380 86
12621 64907 26
5802 38114 13
7004 67639 240
13242 47728 227
28879 49533 91
7004 57738 161
7004 52684 240
11759 55324 233
24294 43808 164
7004 42065 161
36320 63243 68
7004 50517 240
7004 56426 240
41882 53488 69
21326 59461 27
7004 62530 68
7004 64752 161
36709 43891 157
32008 55861 172
16224 58128 6
36943 64888 37
35860 47521 252
7004 61603 240
7004 56741 240
7004 43684 241
7004 58779 240
32903 46916 255
12599 63487 249
31872 46786 101
7004 46173 240
4795 64037 142
7004 54621 240
36608 59661 179
7004 48409 240
12142 12275 39
1829 56109 262
12142 11843 33
37492 44379 137
25562 50068 82
36718 46751 82
22733 6985 240
7004 50130 240
7114 47778 126
7004 59085 240
7004 62436 68
7004 50616 240
12217 63953 110
7004 47139 240
5662 16192 258
11740 58119 148
7004 21592 241
32311 50083 239
7004 46445 240
36650 51037 236
36718 45312 133
37617 50293 68
6985 35220 242
7004 40373 68
21326 52020 27
16224 43445 135
11546 36358 213
7004 50847 240
4889 66333 142
7004 55089 240
7004 61243 240
26073 34454 114
20935 53637 140
19336 68586 185
13937 58103 135
32008 46185 213
16930 48945 171
12396 44712 166
12142 34773 42
11740 64879 148
37492 57290 196
32008 53507 13
20843 54534 180
37146 36768 45
6941 62311 145
7004 9212 240
6941 32672 125
7004 60297 240
7004 46726 161
14954 53172 112
21326 60441 21
7004 53518 240
22427 61745 75
12230 24041 33
25737 6941 113
36320 66043 47
17721 58562 135
32008 62871 201
7004 43709 240
13419 52819 197
41882 62517 227
21326 55047 221
32008 14002 213
12269 62799 148
7004 49715 240
36358 60553 171
15231 55948 167
5734 57254 68
36718 7543 133
38148 60159 262
7004 53760 240
8099 42735 27
24211 56336 136
4653 19102 56
12142 49264 33
36255 35457 21
7004 67555 240
7211 46447 263
7004 57615 240
16224 62170 135
15051 66606 265
36608 52273 167
26533 1889 100
7004 63171 240
12189 61110 249
13419 15606 198
7004 57956 240
13419 41843 197
7004 50122 239
12113 12232 151
13615 67173 213
18812 53805 77
16224 50828 202
19274 18156 151
7004 55828 240
24211 40129 142
26077 15222 114
12142 58038 26
1551 4653 151
20957 50489 180
34258 47360 144
7004 50945 240
13836 57845 47
21326 43654 27
39964 6737 21
16224 47779 173
6941 59752 103
37492 53886 173
7034 2151 180
36130 63967 231
7004 65683 240
36718 60974 236
13419 58493 137
21326 12690 39
39764 58949 165
21074 68092 112
24211 57746 140
7022 68359 249
37219 32481 86
12621 62152 40
21326 50109 266
37617 65405 68
21326 34674 37
11220 64501 102
4808 48303 124
9285 47289 28
7004 55900 240
7004 44877 240
19337 48249 102
32139 6737 153
36358 42647 46
7004 62232 240
7004 53118 240
26088 26077 114
32481 49091 103
7004 9261 240
7004 13380 240
7004 66102 240
2287 68371 42
17721 50824 135
3557 47678 6
12142 12716 42
7004 52372 240
35860 60108 270
7004 52284 68
21326 59087 27
16224 60514 90
36650 45544 46
26680 61764 103
19336 47134 113
13937 31906 143
33772 45683 265
39162 54620 77
7004 43074 240
7004 52339 240
12113 51488 86
38111 45368 170
35860 53752 238
7004 66808 240
21326 22726 221
7004 48283 240
6914 49943 142
26533 60282 40
5734 48987 114
14207 66606 265
7004 49685 240
38288 57634 158
41882 44641 29
7004 11763 240
32662 35860 209
7004 55361 241
6941 46886 101
12396 50156 166
12142 45924 40
19337 56295 3
7004 44038 240
14945 65759 97
28879 42408 91
36718 15796 188
12217 56943 137
7004 66757 239
26118 38057 118
36718 56068 163
32823 59804 158
7004 52321 240
7004 56341 240
36320 55394 32
18790 57267 143
7004 51652 240
6985 63112 247
24294 62182 164
7004 23787 240
7004 64567 240
6941 61606 168
36230 13393 236
34496 12269 21
34134 58926 144
7004 54687 240
13419 43478 197
13419 50418 198
12599 63819 249
19923 46546 29
7004 45243 240
41096 55205 185
36320 47797 32
4577 47149 13
26727 6975 127
7004 60460 28
32008 45769 236
17187 63592 108
7004 48408 240
21509 44672 99
32574 52626 86
32574 33655 86
37492 50293 193
21326 55851 103
7004 51070 240
15231 53910 167
41882 49734 56
7004 53056 240
7004 40536 240
21326 59072 145
15192 67577 171
7004 48211 240
10435 6975 270
21326 62004 221
32823 64584 264
7004 67532 240
32903 65357 262
36358 48546 39
28879 57695 91
12599 55609 26
36358 65937 26
40161 35212 182
21132 55483 142
5734 57763 140
15962 31872 242
26607 7017 238
32732 44251 3
37580 53545 175
7004 57024 161
24002 32775 86
21132 43002 142
20979 66554 114
5734 44041 114
11064 51154 29
7004 57527 240
7004 61667 240
7004 57142 240
1089 58949 117
19337 51652 185
7004 67262 240
19336 53791 187
7004 54312 240
32311 26143 236
20972 53640 113
15943 59912 212
3864 59235 6
7004 53303 240
21048 45814 180
32823 62886 236
7004 42831 68
33531 58429 105
1130 44193 117
38288 45443 202
6792 47520 142
26688 12142 28
12230 32823 33
7004 44550 240
7004 58514 240
23538 61390 79
24211 57671 140
39995 47181 90
7004 59303 240
11478 35860 241
21326 53035 117
6737 47777 126
20953 67387 91
4076 15000 170
7004 49861 240
12599 47410 253
19336 1881 3
7004 66848 161
5802 63153 6
6975 46174 250
32066 46897 155
7004 64572 240
37580 61555 175
32008 61336 179
7004 47502 240
12217 50311 28
39863 61159 142
40180 40178 157
38394 57328 90
7004 44001 240
7004 48391 240
15207 56052 133
35235 45704 239
7004 59024 161
23595 51883 270
7004 48394 240
4556 62585 13
2105 10603 158
40552 36800 133
21326 46975 47
7004 42572 240
32066 58925 146
6997 65600 147
12396 45551 166
6985 66093 247
18785 55504 248
7004 68551 240
7004 57792 240
12142 51536 159
4653 47960 182
7004 63881 240
6940 55866 37
20939 55017 117
35235 49719 47
18790 43527 209
12217 55074 151
7004 11484 241
7004 43390 240
12142 49332 26
26691 16930 134
26118 48061 258
32311 10378 144
3864 42885 6
18807 64598 266
41882 50355 29
7004 54273 241
12426 50897 249
35736 35860 68
3864 9084 6
20939 56696 114
41806 36098 182
7004 64390 161
7004 58952 240
21326 50604 27
7004 56528 240
12217 60904 32
13419 56933 198
36093 41884 68
21045 63094 249
7034 42925 180
39764 48862 165
7004 44701 68
7004 62667 161
5867 38174 13
4773 40297 269
7004 41252 161
32823 50606 86
16224 47590 135
35254 53746 188
7004 47823 240
7004 48246 240
8934 63634 262
25562 25749 83
7004 49072 240
7004 25524 241
7004 49882 240
7004 53175 161
12164 63753 249
7004 36459 240
7004 55052 240
12599 66894 253
7051 49374 212
7004 21473 240
12269 66262 21
7004 48443 240
36511 36650 40
22529 43359 77
7004 47117 240
5734 56308 114
34444 62996 22
36650 47948 213
32008 32680 257
4556 54836 13
6990 34444 148
1076 58158 257
5734 55848 21
7004 62513 240
9135 60403 117
7017 64689 147
23432 36320 151
36130 62066 166
19797 16930 262
1130 46506 117
6985 52809 127
34107 52764 144
28879 57414 91
7004 53119 240
37480 68357 90
7004 61985 240
7004 53298 240
15027 2278 201
7004 44005 240
36320 51380 81
21326 48734 81
13419 46919 198
5734 62522 114
9068 12743 105
21326 44348 213
40178 56044 157
21326 55667 27
26533 57101 42
7004 45438 240
15192 53120 148
38034 45271 47
4653 60057 121
7004 61895 240
31760 11279 29
37933 32008 188
1304 47059 126
26619 12142 39
6997 66278 68
36320 1615 32
37492 62772 216
21057 68488 140
7004 60541 240
7004 63460 240
15192 47299 6
26077 61594 114
12164 63683 249
1130 42965 117
7004 48938 240
7004 48965 68
34329 7208 5
19336 44804 185
13419 57510 137
6985 38015 6
1829 35032 92
38311 54147 90
25562 22589 82
26868 56659 153
7004 65391 240
41882 67100 29
12142 49716 33
21326 32807 27
32008 64412 77
14955 50460 258
7004 56102 68
20867 15016 90
13435 51148 260
8099 67568 86
36776 36800 133
12621 51418 40
41943 58810 90
11759 12294 37
7004 65641 68
19336 62241 240
7004 56283 240
7004 49519 240
19337 62853 168
16224 46863 248
7004 44957 240
25562 49543 82
10392 54160 69
6941 62683 213
21309 44396 250
17345 38148 238
28879 49785 91
13440 12113 167
7211 52626 27
36650 65905 13
6975 17391 56
37492 48159 265
35235 45941 258
7004 1906 240
2287 42679 3
19337 56275 102
33787 50800 32
7004 47635 240
32008 67932 231
7004 66010 240
13937 57196 135
4653 56830 26
39764 54419 117
12227 7078 33
13937 64831 193
35860 44290 75
21326 42838 81
13018 55866 165
7004 55089 161
7004 47119 240
32823 57445 158
36764 12142 40
13960 57780 201
32280 26680 213
7100 35860 68
24294 11478 81
7004 59222 240
7004 45704 239
7004 62523 68
1433 10583 204
1289 44040 113
38148 66338 185
7004 43848 161
7004 60361 240
38148 51639 92
18807 62066 266
32311 48135 239
7004 56662 240
7004 58733 240
7004 47380 240
24279 39963 131
7004 57495 240
7004 60903 240
36608 52551 167
7004 58576 240
36515 32732 45
32883 49233 86
39764 55014 135
6975 56166 249
12113 49132 256
7004 43190 240
38318 64008 182
32008 57659 114
7114 44784 92
1829 42887 205
11220 52764 71
28879 56483 91
2287 67634 152
21557 66076 105
12697 56957 252
7211 49342 27
2170 1203 3
12621 55724 37
3864 4743 136
22443 50368 265
12217 32174 32
24211 64982 142
7004 62004 161
35860 49051 239
7004 42831 240
7004 55748 240
6940 49270 266
36692 36892 167
7004 53203 240
2287 53094 262
39764 52834 173
6941 50656 27
7004 64319 240
7004 54142 240
5682 53018 169
7004 56242 240
39653 68423 90
32547 37985 131
21326 40219 38
32574 58043 86
37497 35860 101
7004 67612 161
13419 58060 173
7004 36769 240
11759 67243 37
7017 64333 102
40159 12599 249
7211 52741 266
18790 58632 130
8099 46129 131
32903 62964 262
8149 54156 182
7004 67004 240
4558 16211 188
32008 53496 265
25562 52743 82
12113 45041 86
1130 46657 117
12113 56231 256
7004 62199 40
7004 39908 240
1687 49995 159
41191 68568 250
36320 55804 32
7004 60982 240
37492 59600 265
13419 56997 198
7004 54943 240
41882 64545 29
39764 58736 173
7051 40475 131
25527 48088 113
7004 42983 240
25708 42518 113
18812 59650 188
11220 60648 161
19336 43508 270
20953 62227 82
7004 61061 239
39764 44142 226
14986 53095 140
12426 60342 249
7004 47455 116
7004 52625 240
13018 47987 165
35212 22414 249
21037 44018 136
13242 47698 42
7114 50902 38
13419 46313 197
7004 66006 240
12164 59264 253
36718 67049 236
13419 61922 198
13242 7062 227
7004 52682 240
21326 54475 91
7004 34367 240
7004 54855 240
38148 67715 40
37201 54681 117
7004 2376 240
40302 56056 46
7004 43978 240
2194 36650 77
6975 60208 130
37422 47685 90
20939 46402 117
7114 50834 242
7004 36910 240
7004 61536 240
38278 4996 137
13419 46151 135
7004 50714 240
7004 68265 240
7043 58026 27
7004 57898 240
36943 55310 28
7004 12984 161
13419 32005 198
1335 36481 204
7004 42787 240
40036 5734 113
21326 46722 263
32903 56354 103
13960 20863 201
20939 65910 114
1829 51748 161
6956 12217 135
40043 68517 90
16072 47156 164
5734 60212 84
15144 7211 165
7043 46111 27
34551 6951 26
18814 26118 13
32481 52577 145
6985 53578 247
32008 52052 256
9285 51879 21
39162 53148 26
13937 42850 67
9068 48269 105
25820 37475 82
5802 66399 121
7004 61338 161
7209 24918 131
7004 53426 240
9110 57699 142
7004 47220 161
19182 45840 258
24279 49208 262
7004 51664 240
7004 48110 240
5734 57310 187
19336 43258 3
4653 57732 56
7051 67288 86
11067 65356 69
7004 46521 240
12142 54160 182
31807 65740 161
7004 63675 240
39162 47534 77
10569 67177 98
21320 35860 68
7004 67528 240
12142 66528 32
7004 62373 240
7004 45110 240
7004 60071 240
7004 53920 240
13419 37532 197
7051 12128 131
12724 37617 147
32823 49592 212
6975 51246 247
7004 24247 240
7051 50397 28
12057 59904 148
6975 53091 252
7004 53462 240
36608 55352 167
7004 43990 240
13419 60990 198
2278 47920 231
36386 28879 91
25602 47042 113
32008 46193 266
12088 12433 40
32784 7052 133
7004 47046 240
7004 55277 240
7004 62003 161
7004 58826 240
37997 35860 250
35188 57634 171
34695 52184 124
21326 51436 105
12142 35655 39
24294 51269 81
1118 32934 180
7004 32501 240
4653 50985 47
36358 45462 126
26533 56992 77
12088 11740 40
26533 9165 204
7004 55803 240
5802 49807 13
39162 58781 176
17368 55505 170
6985 60503 127
7004 45741 240
36358 57365 188
9259 21326 262
33531 35977 105
13960 42646 201
21326 65970 27
36650 2005 124
7004 13354 240
1203 53546 32
20979 54535 114
7004 56102 240
7004 65461 240
32008 52034 245
36320 45024 37
5734 61511 258
12113 49875 39
37380 32008 13
26533 34035 238
9110 43270 142
5734 35690 114
22726 36943 67
12142 12373 39
1078 63725 180
11811 7017 175
7004 57708 240
12269 59496 32
3856 43001 142
12599 18144 248
7211 46709 266
13419 66960 198
14986 53718 140
23595 50122 143
7004 36216 240
7004 65490 240
13419 45683 198
28879 50703 91
23595 2162 143
19337 56929 168
11759 47601 6
19336 56123 167
7004 59517 240
36650 47568 37
13419 61022 198
7004 50781 240
18807 47452 39
28879 67387 91
7004 66915 136
7017 47604 135
7004 46203 240
7004 48543 240
24323 45191 122
7004 65387 240
7004 43133 240
36358 13027 171
13419 61247 198
26126 65014 164
1089 43187 180
19336 64665 91
26118 46308 84
12113 62398 86
32823 50300 264
7211 56714 27
7004 33641 240
28879 26655 91
36692 49133 79
7004 64604 161
5864 58392 6
7004 60597 241
18264 58809 188
5864 65515 248
20843 48247 180
7004 8328 240
21326 66564 38
7004 45857 240
13419 63944 198
19182 65756 95
20927 44869 112
7004 59874 240
7004 46290 240
7004 53025 239
7004 46543 240
32204 6985 236
7004 37179 240
6985 65488 247
7004 57248 240
7004 61989 240
7004 13075 161
13419 44541 198
19993 50370 38
37320 26668 77
1680 63645 255
7043 56311 27
1111 25560 158
6989 36358 257
7004 50957 240
1829 66979 68
20843 52581 180
7004 64515 241
22443 65213 265
7004 52735 240
7004 45858 68
7004 67810 240
17286 64164 58
7004 45872 240
16778 26680 130
7004 38747 240
1325 1765 158
24279 61813 131
21326 37683 27
36956 13353 201
24279 65974 131
7004 66079 240
34454 50509 179
5802 59717 121
12057 59251 148
7004 66969 240
18790 43952 135
6737 48942 122
7211 52080 27
40460 7004 126
7004 67558 240
12142 11490 148
17389 57470 136
12164 52631 253
14167 36207 265
7004 52319 240
32008 60073 187
37617 55282 138
13419 59892 197
12189 56988 249
36650 50763 77
36608 60687 256
7004 50338 116
17514 6975 209
7004 65937 240
21326 63349 236
18807 64059 77
18273 35954 13
21326 62408 26
2287 45969 3
7004 65122 240
7004 44277 240
7004 61566 240
32311 53915 133
13419 56193 197
36608 65116 256
13937 32061 173
4805 53999 142
13419 64376 198
5802 48882 121
2090 36358 3
6940 50802 22
7004 46035 240
19336 45307 97
24279 67030 131
32574 56681 91
26868 42409 153
7004 63512 240
7004 42587 240
32823 64424 264
13419 50470 198
7114 49205 42
7004 47069 240
20939 46759 117
21326 49521 27
7004 46640 161
7004 47398 161
7004 61785 240
13389 12142 37
7004 54236 240
7004 48609 240
4653 52836 151
7004 57241 240
6940 32775 86
26118 67404 113
9285 56857 105
5734 43004 236
9285 61404 105
1325 51342 158
6975 65642 180
12323 16072 33
37617 38158 168
33772 58065 265
23595 23595 69
26533 37508 77
32819 21509 29
37617 45053 256
7004 50706 240
13419 67875 198
7211 48415 266
38034 47209 131
24123 61810 28
7004 66926 240
7004 46640 240
7004 48202 240
7004 42939 240
7004 48105 240
7004 62332 240
18790 53888 173
5847 46381 6
7004 50058 240
26554 51205 91
7004 63406 39
19337 56390 102
26077 62406 114
35024 12142 39
17187 68319 108
36718 59004 133
7114 58182 147
19274 43025 151
17600 58752 108
36320 59497 32
7004 56078 240
7004 54534 68
13960 55666 201
7004 51483 240
7004 56065 240
7004 62305 240
5734 51969 68
26533 52179 40
21014 65756 114
7004 43945 240
7004 53340 240
7004 56783 240
7004 56535 240
7004 36320 240
6737 36508 126
4653 32918 245
39764 60226 165
18785 57195 56
7004 49571 240
21326 45456 27
18807 43110 42
7004 50437 240
1089 50489 180
7004 49237 240
7004 26485 240
20953 66731 91
25562 57735 82
7004 42664 240
38148 61435 40
7004 46582 240
7004 48610 240
7004 48037 240
7004 48589 240
36650 40366 37
7004 46696 240
1089 60326 180
6941 44265 175
19126 17965 54
6941 1556 213
11135 50103 92
12142 48353 213
38288 57486 90
7004 65901 240
37709 37483 90
7211 48491 266
24187 53002 33
7004 48849 240
7004 60393 240
2288 6941 3
36608 65446 257
6743 26533 39
7004 56394 240
6975 49865 102
1730 36800 133
16201 67177 248
7004 53712 240
32753 16930 262
7004 57955 240
7004 49201 240
13419 57632 182
6975 66159 151
36650 61525 236
25562 67714 82
7004 43164 240
12217 52965 33
25708 63963 3
20939 62813 117
19337 58187 168
1082 56097 180
37617 62427 138
36608 43587 46
35860 58716 216
12142 50753 148
6985 61763 236
7004 47219 240
13242 43888 227
7004 42418 240
11759 62557 242
6941 62327 3
4662 59591 269
28879 61862 91
7004 67320 240
32000 64278 102
22443 67798 265
6985 46311 255
7004 45179 240
7004 46176 240
7004 44009 240
7004 68291 240
9285 45998 105
24211 53718 136
20972 63745 144
12599 51614 247
36650 52476 40
21326 56531 263
2287 46163 3
13419 67599 198
7004 44720 240
7004 57108 240
18812 43881 77
7004 57784 240
7004 66714 241
13419 55999 198
12142 63844 39
7004 48470 241
21014 57282 140
14167 65319 172
39931 48249 252
12142 15730 42
17352 37492 137
7004 59667 240
7004 60570 240
28879 66898 91
12269 59215 33
21326 57644 266
5734 58147 123
32008 51862 257
12142 36649 26
25708 26115 5
1325 52668 3
32328 18807 171
34094 25708 13
20961 47396 118
6985 63986 127
4808 60101 248
11220 44725 101
12164 48683 252
40447 36320 151
25708 49844 113
7004 54501 240
6940 55120 176
36650 25802 77
19156 64641 95
6774 39940 6
18812 47491 77
36320 63495 32
2378 26680 125
12142 53074 40
5734 66822 172
7004 45308 240
15962 5734 26
12164 66646 42
7004 54881 239
20930 19336 179
37871 47180 90
34815 21326 236
13353 42903 231
10374 44088 239
36692 66421 79
18807 54571 127
5734 44446 68
41096 47269 146
7004 1318 240
7078 65422 21
28879 62224 91
36692 67857 171
7004 66945 68
21509 68333 102
5734 35779 114
7017 65087 102
15192 35518 112
36718 62432 82
7004 62288 240
35235 65340 3
40462 33787 122
7004 23555 240
7004 54419 240
13937 44512 270
21326 50131 221
24279 24918 131
7004 62729 240
18829 38186 207
18489 66798 140
6941 48075 266
36320 65817 185
7051 43190 131
36650 61274 47
33531 67825 105
7004 61469 240
32883 59815 131
36650 48663 213
7004 47767 240
36800 37451 37
26533 61799 100
41882 51743 102
38288 59942 90
21326 47421 27
20031 65181 253
4808 16038 124
25565 25562 5
12142 55992 68
21775 40450 137
32481 62280 151
7004 45439 166
20953 63345 82
18812 52036 77
36358 53522 46
6941 50653 103
6941 54575 112
7004 47269 240
7004 46786 161
36358 7112 33
36718 57123 133
36718 61204 236
7004 6975 240
7004 47063 240
20972 62839 84
36358 54597 268
7004 12516 240
32823 64937 236
7004 49519 68
18915 57799 248
13960 46201 201
12438 16224 75
14227 50144 166
7004 55000 240
2287 62887 152
7004 34308 241
5734 22556 127
9285 12087 21
7004 52721 161
12142 51442 40
7004 56510 240
14979 50355 138
7004 41285 240
7004 66142 240
21326 46133 27
32823 52666 144
24211 57368 136
7004 68554 240
36718 51191 146
2287 56607 3
35235 66145 142
11740 46350 148
18812 50722 77
21326 46752 152
24279 45791 257
7004 54165 240
7004 61929 240
28879 61425 91
7004 60855 240
7004 4992 240
7004 55064 240
2278 62014 122
7004 67654 240
17484 53849 265
6975 55374 239
13419 52588 137
12142 34784 42
12599 43602 249
13435 68611 260
36608 59461 46
7004 63863 240
21509 51184 161
16098 13436 47
19336 63332 270
7004 47552 240
3864 64860 8
5734 57766 140
39764 43452 135
12269 64943 27
7004 32210 240
7004 40246 240
13960 56135 201
33845 38373 113
7004 62194 240
6941 57834 3
12621 48828 32
7004 68028 161
13419 65325 198
7004 59836 240
17107 61467 208
33772 49856 265
25708 65743 179
2087 60522 126
7004 64568 240
7004 48719 240
8183 36528 133
34454 50557 114
37492 57294 135
39162 67309 77
7127 33655 27
21326 59625 3
7004 61962 161
7004 46022 240
2278 46362 112
25562 1950 113
17264 45423 159
12189 61722 249
6975 12423 252
36358 48084 231
15231 51427 167
36320 44897 32
36608 49092 167
32008 38327 188
7004 52511 161
37510 19336 204
12599 65838 249
40450 52973 37
32008 55111 257
13419 22781 198
12599 58250 84
13353 32775 86
19336 37224 213
40193 28879 91
7004 51350 240
7004 46630 240
11759 46987 147
6985 36577 58
7004 53339 240
25527 49993 82
39162 54681 158
19337 53198 148
12621 56960 26
12323 24187 33
9068 50767 105
7004 62509 131
13419 52652 198
7004 49500 241
12599 58625 248
35860 58908 204
34444 67613 77
7004 26516 240
12217 13598 32
12753 12142 40
15192 65915 6
13419 58865 198
11182 34376 71
8099 50659 37
41882 47410 166
16778 32008 173
7004 68595 240
6985 60251 155
37492 34437 209
17406 56074 126
21037 47403 142
12142 45314 213
12164 63698 249
7004 37281 68
37645 68380 90
32311 50815 86
20979 56582 114
23858 21326 21
7004 49768 161
36608 46117 257
38312 7114 27
7004 63542 240
28879 42666 91
20925 51347 248
20843 51074 180
7004 41044 240
37034 36750 133
19156 61246 95
7004 54326 240
35188 45716 262
32328 35235 68
7004 18775 240
7078 53111 212
2160 61487 21
24970 49605 21
5734 56175 114
12183 63815 249
24279 34496 131
17406 9249 91
36718 40217 236
26118 60846 113
32529 15231 124
5734 43383 188
17264 58835 248
7004 62560 240
6975 62787 188
16224 67755 248
32008 60703 269
7004 47081 240
7004 35882 240
7004 56251 240
22443 52676 100
1130 46746 117
7004 61055 240
7004 60427 240
41882 25718 166
6941 66738 168
34454 43228 187
7004 44436 239
32008 52923 46
32008 54050 77
7004 45718 240
11759 62193 68
7004 61490 240
26077 55013 114
5802 49807 121
11753 19336 262
12621 51487 40
7004 10506 239
6737 61852 123
5734 66964 127
7004 44734 241
1846 62991 102
7051 67386 21
7004 51865 240
1082 67759 180
16224 58475 140
7004 47099 240
12599 55987 187
7004 56349 240
26680 42859 161
7004 47024 240
24211 45606 142
33787 67820 257
12113 65987 256
7004 40332 240
18790 44943 248
1130 43862 117
7004 55614 240
7004 51747 240
2345 55795 77
18807 61225 81
6975 64263 241
2366 64275 42
37138 36608 91
19946 22598 100
7004 53927 240
36650 55431 127
15015 57765 97
7004 48142 240
12217 49178 42
9077 49345 125
2240 18807 236
25562 46472 82
7004 52070 240
7004 44573 240
25936 26002 114
37617 58725 68
7004 57075 240
12142 61439 148
41191 64056 252
37492 56384 265
5772 59616 13
12183 21326 21
7004 55357 240
7004 36520 240
36943 65047 28
36320 63320 113
7004 36328 240
36115 5734 113
21326 54936 91
6941 66055 179
24211 60116 140
7004 55617 240
11043 11205 92
37492 48183 196
9123 12142 28
19337 55750 68
28879 45352 91
17200 18915 248
32550 57575 67
7004 55425 161
7004 11856 240
7004 49959 161
2278 63249 86
35212 61856 231
12228 7114 33
17286 34012 258
7004 50046 240
7004 56679 240
37968 35235 242
6940 64598 68
1203 12772 171
32644 68308 268
7004 6995 240
17406 56329 148
7004 56519 240
32311 6998 86
16249 44075 144
12057 57098 148
1102 50404 180
6975 48829 240
25562 61983 113
5734 46897 226
39764 45970 201
25708 65754 5
7004 60775 240
21326 62395 27
7004 54746 240
12189 63773 249
7004 61732 240
39214 22309 13
7004 12840 240
4005 57882 143
36650 55294 151
13419 57203 140
7004 53306 240
7004 67777 240
12142 47698 40
12279 51418 39
40127 39989 13
7017 46273 102
7004 62357 240
5734 32818 114
5772 37621 13
37617 43984 226
38198 54481 13
7004 42736 240
1555 35860 175
12142 52925 33
5802 58364 121
24323 58269 122
17721 62650 269
24294 46086 131
13960 43343 201
17406 47777 126
3864 57466 137
7004 59460 240
5734 65314 114
7004 50917 240
7004 40536 161
7004 44011 241
39764 59307 201
13419 59564 198
21326 46137 27
1718 49797 38
38288 36182 90
17600 68359 56
6997 44965 68
7004 49687 240
7004 59314 240
7004 57454 239
7004 45718 68
19336 52558 103
37220 67986 114
36320 50591 32
7004 56532 161
13419 15675 198
7004 53813 240
39999 5772 90
16072 51609 236
12164 60441 42
21326 1392 21
7004 54075 161
6806 36320 37
36608 52578 46
8099 32775 86
19336 46989 231
9110 58230 142
26118 49993 239
37537 36800 196
12217 68003 75
6737 65285 39
12217 61277 26
1130 9263 117
14227 63629 166
7004 51787 240
32481 32219 145
24279 62341 262
6975 51243 102
15231 43462 126
16189 12426 98
15616 21326 21
5734 50289 113
1102 34386 180
32550 22617 67
21326 48433 263
7004 57051 240
40077 12621 151
7004 45507 240
7004 46878 240
7004 46481 161
9285 66716 105
36692 61740 146
12142 66277 26
16270 16224 75
36943 46235 28
7114 48269 213
26618 7004 103
7004 61052 241
7004 67552 240
5682 58812 142
12142 59494 39
7114 42672 148
7004 46812 240
24211 20051 173
5734 58026 42
7004 42618 240
7004 9172 240
25708 67177 144
24294 37176 164
11064 61722 29
7004 45459 241
26680 64272 266
32823 46797 264
32311 2071 133
26680 26565 42
26126 55057 103
7004 50802 240
18812 66593 77
12057 61560 148
7004 56604 240
35860 42422 99
7004 42968 240
4653 56570 33
26533 62616 13
7004 43300 245
7004 50109 161
6941 44625 168
37492 12231 188
7004 63467 240
19336 42804 255
21326 66313 178
7004 62527 241
21664 51248 75
37219 66935 142
17389 11231 56
21771 21509 75
34454 66184 113
7004 43744 240
4773 49108 269
38373 11220 226
7004 50227 240
18464 6905 58
7004 60431 68
7004 63327 240
40191 12142 39
1130 22708 117
17405 37492 190
17200 41882 135
7004 32866 240
7004 47247 240
7004 62800 240
12599 41278 253
16224 46033 209
32311 42695 236
5734 60149 56
19336 47856 258
4653 61629 121
32823 66374 28
35188 60922 39
28879 42779 91
17192 48625 125
6975 46864 239
19337 43633 3
21326 7157 27
15192 42770 131
5734 62309 138
7004 50434 68
16224 48652 123
7004 52239 240
7004 64633 240
36358 54900 28
20031 54523 47
23619 56345 126
7004 64897 240
12113 66102 212
17308 12599 249
7004 51667 240
41299 63915 75
7004 49954 240
7004 68498 240
11220 42505 161
5734 54739 158
6985 44149 56
7004 60396 240
12217 66331 37
6941 42444 125
41882 37498 102
36320 59370 37
18862 65332 108
25708 61971 113
7017 64431 102
40143 57329 58
12217 62822 90
1130 46050 117
7004 53781 240
7004 47101 68
8934 24247 86
13419 63264 198
37492 49948 173
7004 66400 240
5734 50086 68
39162 48999 38
25560 48076 113
25671 58710 114
7211 48054 27
7004 61410 240
7004 51619 68
5734 51075 112
7004 43644 240
7004 54875 240
6985 48020 77
18790 58478 210
20867 44446 175
12142 67928 112
23810 12621 79
36358 64930 171
19337 49158 28
18273 57820 6
9174 26118 13
11759 26658 68
36718 57259 176
18785 32894 56
7004 37265 240
6975 61197 188
7004 61087 161
4773 47521 269
18812 56347 77
17600 47379 253
8149 46008 125
18785 58901 248
7004 43808 240
7004 54870 240
7004 33994 116
12217 45719 146
1200 32251 245
10392 65559 92
26533 44714 187
21326 44938 42
7004 11593 240
7004 49927 240
37602 8149 114
36019 26533 28
11740 62119 31
38394 57326 90
21326 46685 221
5734 63467 128
7004 67962 240
39764 44610 201
15966 61494 42
7004 56680 240
19318 47041 155
7004 68611 240
32008 50238 26
7127 57678 27
22416 38034 171
12331 13419 21
18790 61762 210
13937 49760 265
40077 36320 151
13419 44268 130
2309 9285 27
37698 58486 90
8149 46250 245
39764 50293 201
26533 65974 131
6941 49400 91
35188 62304 38
13135 12142 40
28879 38403 91
19930 61726 71
12142 49053 37
32066 44311 155
7004 65906 240
7004 46879 68
12142 60429 26
12550 12550 69
7004 47375 241
19968 65623 187
32823 63345 158
32328 19336 68
7004 46547 240
3225 4564 6
7051 68240 131
11620 41096 158
13419 63586 198
36130 60164 102
32481 7011 93
4808 55316 194
25562 62460 113
32574 56130 105
32008 60282 179
17406 48318 148
39162 43389 110
7004 61733 240
4116 49479 121
7004 67154 240
12621 9111 32
38330 36650 126
18790 53921 143
19337 60747 165
11740 9272 148
13242 50828 252
24279 67494 131
17254 60185 56
19336 37498 168
6975 68298 238
12142 51605 39
12269 23454 133
7004 49976 240
28879 45537 91
14227 57383 265
9110 49598 248
36320 59530 32
37682 5734 5
7004 67819 240
7004 62002 240
5802 55428 121
5864 54355 6
36358 45567 33
7004 58926 240
9068 32261 105
7004 36460 240
1131 46625 68
7004 68593 161
7004 43036 240
16224 50723 173
7004 62837 240
39995 58813 90
12621 48711 32
13300 36800 133
26554 26526 91
15014 44590 117
13419 47332 198
7114 49205 162
25708 63484 113
24147 12217 135
16224 22444 136
11759 48134 68
38034 56713 153
7004 67365 240
41943 68339 90
5864 54406 6
7004 51229 240
1829 66309 193
7004 50518 240
1130 46691 117
7004 54224 240
32823 50294 236
37492 60481 216
35979 62424 145
21326 53714 123
7004 56084 240
7004 53374 161
7004 61876 240
32008 50738 178
7004 46160 161
28879 46472 266
36130 64099 102
39764 67624 170
9110 66715 142
7004 42457 240
7004 56173 240
2670 4114 13
14013 48922 265
36797 23787 123
7004 48051 240
17103 58807 188
6941 54573 3
13960 52057 201
12621 51519 39
21326 50793 178
9355 62868 29
7004 57448 240
7004 65260 240
12088 11740 39
7004 47059 68
34444 43578 22
18790 66116 173
11135 64415 92
20868 60166 84
12613 15964 40
37492 6966 135
11110 57289 69
12269 54796 58
32481 61006 145
21326 53358 13
7004 57540 240
13419 58825 197
18812 47059 188
13419 52034 198
19993 67533 178
20953 61745 82
4653 40204 148
1720 60730 245
19337 51696 270
1130 45679 117
19336 65138 47
7004 51717 240
5662 41110 95
1130 26057 117
6941 65080 101
36690 13836 21
2278 62339 231
1846 64264 102
12621 48785 32
5734 57756 3
7004 63123 240
26118 46528 239
12189 64278 249
8099 56311 27
7042 12142 42
12113 43063 256
7004 1130 240
38288 46335 13
6975 56872 172
7004 63430 240
5734 65103 144
4653 43068 131
6941 45154 168
7004 54892 240
20833 45824 112
4808 62636 205
7004 54995 240
32700 38034 103
36608 44795 176
19336 60243 185
32574 34496 105
12142 35215 42
36650 67716 127
12142 34877 42
7004 64509 240
7004 45344 240
14976 51579 140
32823 58255 236
7004 48481 240
9068 32700 105
12599 52866 47
3557 57690 6
12488 26680 213
34885 15023 90
26118 48214 113
7004 68257 240
7004 63479 240
2016 43900 158
24211 60146 140
7004 22588 240
6997 58762 68
7004 68081 240
14167 55062 172
13018 57862 135
6940 46208 13
32235 32481 213
22529 66549 142
6941 59105 213
7004 64694 240
7004 47444 240
36800 55698 42
18776 17164 248
32008 60137 248
9068 49717 105
5734 19300 175
34127 51140 112
9285 59852 105
4808 13444 205
2287 43097 42
41882 58370 69
28879 42396 91
20934 57505 142
7004 18772 240
7004 55327 68
12189 53311 249
32903 64414 68
28879 59816 91
13419 55499 137
15671 36650 46
39995 6853 90
7004 50079 161
12217 48271 205
28879 28856 91
41882 5759 29
13242 62133 140
12621 1267 32
24229 26680 213
7004 56457 240
7004 44227 240
35640 13301 47
7004 50946 240
5802 58364 13
21326 47903 231
7004 46958 240
7004 21067 240
28879 44717 91
35860 64426 238
33772 64036 265
35860 60822 231
7004 59725 240
31807 10518 161
7004 65834 240
7004 63018 68
12426 63299 249
7004 60033 240
39162 22716 77
32574 65986 245
25708 54981 113
7004 58877 240
7004 48064 161
5734 44571 231
7004 55988 240
5734 48132 113
7004 44296 240
6985 61979 247
32574 67299 86
19336 42618 167
20972 64214 113
7211 48191 257
40450 54757 38
7004 50282 240
41096 54826 185
11759 68469 68
7004 52992 68
35358 36988 198
7004 54062 240
17389 50991 136
37492 57751 56
7004 58822 240
12142 41052 148
7004 50855 240
15966 53947 40
7004 55326 68
7004 54584 240
7004 56290 240
7004 62072 240
16224 38078 135
39764 51935 135
7004 52470 240
13847 15150 124
7004 46942 240
32008 52188 172
39162 64133 204
7004 52206 240
21326 59758 27
15112 7017 254
2287 61206 77
23595 60906 137
35966 12142 28
26533 68512 103
36650 15616 42
12393 62772 6
21326 50586 27
35860 61736 250
26554 32153 91
32903 64236 204
1203 52764 175
13353 45104 236
25562 52014 5
36800 47951 37
7004 12780 240
36718 46129 131
7004 56491 161
7004 49967 240
16224 52378 135
36800 47773 46
5734 68493 187
1089 37367 180
19916 64398 166
13419 54569 197
25708 48139 117
7004 45236 161
13895 52529 124
12621 56296 26
32574 50917 21
21326 61250 42
7004 19898 68
7004 67302 240
32619 62887 166
7004 60143 240
36358 65357 27
7004 2341 240
25708 55727 113
39764 59455 165
7004 46990 161
11220 44564 227
20939 50348 117
13419 44493 197
26077 10610 260
26533 45364 42
1372 61571 158
36800 64633 126
33787 43350 122
32008 53615 151
25562 51955 82
11759 45172 68
24211 57587 142
7004 46455 240
36709 48397 157
25562 55659 113
32732 42916 3
7004 55936 240
7004 48342 240
13419 52310 198
20842 43342 140
7004 48287 240
6941 59350 91
41096 50102 185
14227 58473 265
24353 24294 27
7004 67604 240
16224 35990 202
36528 60617 103
36358 37191 33
26077 68084 114
19336 44240 92
1696 33787 122
38288 55617 90
7004 56957 240
7004 64283 240
7004 48317 240
36709 46489 117
39162 56296 110
1846 44073 102
7004 50742 240
18790 54764 210
24294 63482 188
7004 7171 240
36650 8328 22
19336 46824 161
6941 62239 32
12142 53097 185
35860 44326 97
32008 62097 26
7004 54722 240
7034 60321 97
28879 67981 91
9285 67261 105
20953 47987 82
37492 52441 142
11759 67774 68
37492 58942 135
7004 52848 240
12142 36486 213
7004 64511 240
2287 52034 262
7004 44020 240
39162 56960 110
5864 54480 13
7004 43169 240
7004 48267 240
33787 47769 79
36718 56388 133
2278 45467 122
7004 60955 240
26533 65504 180
4773 51832 269
6975 64579 180
37044 36650 133
36608 60931 38
1130 44526 117
16224 56167 209
26533 43665 91
35188 55156 67
36650 47532 22
7004 64450 240
19337 62667 102
31807 47031 161
