5026
39760 956 0
5250 966 0
30217 945 0
41333 959 0
40976 958 0
27777 945 0
41713 959 0
11835 927 0
40212 957 0
13826 1007 0
3134 923 0
34141 949 0
40722 958 0
27122 945 0
21529 940 0
35371 950 0
3957 923 0
14707 932 0
7949 925 0
3638 923 0
1474 922 0
12260 928 0
39220 956 0
11480 927 0
8501 925 0
11071 1055 0
29605 945 0
20620 938 0
9400 926 0
17947 936 0
19445 937 0
26983 945 0
35874 951 0
11636 927 0
22457 940 0
33970 967 0
22646 941 0
18781 936 0
17575 1021 0
21647 940 0
11457 928 0
7209 986 0
4077 966 0
19147 964 0
38842 956 0
27131 945 0
5402 923 0
16076 934 0
4619 966 0
32575 948 0
22827 942 0
33369 948 0
42376 987 0
34296 949 0
32347 947 0
10201 1031 0
17724 936 0
8914 925 0
28008 1050 0
14957 932 0
16328 1024 0
9410 926 0
37960 969 0
13181 930 0
5044 961 0
16807 935 0
19843 959 0
41953 959 0
14346 932 0
40668 958 0
31229 946 0
28337 945 0
10364 926 0
4746 923 0
39306 956 0
34318 949 0
32749 948 0
23002 942 0
39168 956 0
3940 923 0
41506 1008 0
3955 1002 0
18645 964 0
4786 1013 0
13471 991 0
33529 948 0
14512 932 0
37568 969 0
24349 943 0
7383 925 0
16317 935 0
19414 937 0
8099 925 0
28721 945 0
13475 991 0
31368 946 0
41330 1039 0
7606 925 0
22200 940 0
9772 926 0
10717 959 0
28319 945 0
4569 966 0
5937 1013 0
16533 935 0
27280 989 0
31108 946 0
31452 946 0
2946 923 0
12592 1059 0
2922 1024 0
41714 988 0
14037 1061 0
18802 936 0
30829 945 0
10376 959 0
6866 961 0
16315 935 0
33478 948 0
3674 1019 0
29508 945 0
41869 959 0
20405 938 0
26323 945 0
40995 958 0
9547 1055 0
6601 961 0
14573 932 0
41989 988 0
14658 932 0
22076 940 0
29375 989 0
8735 979 0
3884 923 0
17160 976 0
21758 1057 0
23691 942 0
20342 938 0
35687 951 0
17863 999 0
19672 959 0
30125 945 0
23887 942 0
8471 925 0
3381 961 0
17030 935 0
41100 959 0
13297 930 0
34399 967 0
6834 936 0
22849 942 0
13237 930 0
13353 51026 215
26931 945 0
9959 926 0
33895 949 0
28119 945 0
10089 1055 0
26890 945 0
29143 989 0
8612 925 0
36263 952 0
10089 959 0
26986 945 0
8165 925 0
20142 938 0
7638 925 0
27070 945 0
7326 925 0
33550 948 0
24238 943 0
23639 942 0
37660 956 0
35445 1059 0
19076 1022 0
35323 1059 0
37337 955 0
12052 928 0
17006 1027 0
26542 945 0
38525 956 0
33868 949 0
41986 988 0
35224 950 0
16015 934 0
16528 935 0
13321 930 0
23833 942 0
28235 989 0
5630 976 0
7183 925 0
5580 923 0
23193 942 0
13627 972 0
4434 923 0
39400 956 0
17304 936 0
12195 928 0
3821 961 0
12821 928 0
1502 922 0
40621 958 0
24955 943 0
2600 923 0
12477 928 0
12966 1012 0
3988 961 0
1504 922 0
19908 937 0
40345 957 0
27406 945 0
5912 1019 0
36838 953 0
21998 940 0
9659 926 0
18515 936 0
32987 948 0
25291 944 0
7882 925 0
33557 948 0
26089 1039 0
26010 944 0
2970 923 0
7324 925 0
24872 979 0
3554 923 0
10972 926 0
27993 989 0
22041 940 0
33605 948 0
3130 923 0
33434 1063 0
31778 946 0
15889 990 0
14239 932 0
4699 966 0
19010 936 0
13952 932 0
30491 945 0
33989 949 0
41101 988 0
36969 953 0
28189 945 0
29596 945 0
4424 923 0
13069 1012 0
19314 937 0
13175 930 0
5968 976 0
13053 929 0
36555 993 0
26387 945 0
28046 945 0
10867 926 0
29438 945 0
27913 945 0
10310 926 0
28021 989 0
4089 961 0
32291 947 0
22392 1057 0
36763 953 0
8013 925 0
33238 948 0
6730 976 0
41877 959 0
40092 956 0
4727 1022 0
21761 940 0
32813 948 0
34402 949 0
4525 966 0
18666 936 0
38947 956 0
24894 943 0
5731 923 0
36411 1052 0
4079 923 0
19320 1008 0
30043 945 0
1085 922 0
34228 949 0
4948 923 0
38909 956 0
9460 926 0
16080 930 0
35614 950 0
15087 933 0
13574 931 0
31839 946 0
3616 923 0
7478 925 0
4629 1019 0
15818 934 0
3347 923 0
17422 1021 0
6371 923 0
35583 950 0
17297 999 0
13238 934 0
33916 949 0
5691 923 0
30861 945 0
31779 946 0
41170 987 0
4798 923 0
16586 935 0
33976 949 0
20720 938 0
3721 1019 0
5102 923 0
41573 959 0
8436 925 0
19397 1008 0
5446 923 0
13121 1071 0
18406 936 0
37569 969 0
5469 1002 0
1883 922 0
4828 923 0
16640 935 0
35039 950 0
4658 961 0
40960 958 0
36026 1029 0
28653 945 0
28204 945 0
13025 929 0
19264 63614 107
30403 945 0
19428 962 0
27862 945 0
18577 936 0
5255 923 0
6175 923 0
39608 956 0
7230 925 0
4735 1013 0
27063 945 0
34175 949 0
1934 922 0
6864 1022 0
19963 1049 0
10433 926 0
19073 936 0
31619 946 0
12212 928 0
4182 923 0
9191 925 0
6523 1019 0
9759 926 0
24938 979 0
27476 945 0
41432 959 0
39790 956 0
32539 979 0
22380 940 0
13495 991 0
33904 949 0
14782 1061 0
26102 944 0
26004 944 0
28484 989 0
36843 953 0
3823 1022 0
36599 953 0
16053 934 0
41640 959 0
7475 925 0
6356 923 0
42356 959 0
39969 956 0
30225 989 0
40771 958 0
11252 926 0
2577 923 0
4169 923 0
20313 938 0
2641 961 0
6378 923 0
21762 940 0
15017 1061 0
4126 923 0
42161 987 0
29545 945 0
18255 1021 0
11064 959 0
35192 1059 0
14950 932 0
31529 946 0
41764 959 0
17822 1021 0
2667 923 0
4955 1019 0
18625 1013 0
13833 931 0
36943 953 0
13521 991 0
40781 958 0
31071 946 0
18196 1021 0
28486 989 0
5363 1019 0
37024 1010 0
22047 1057 0
19274 63610 107
28998 945 0
38652 956 0
13112 967 0
33219 948 0
28284 945 0
16454 935 0
41615 987 0
39543 956 0
8146 925 0
29335 989 0
5981 923 0
4490 1002 0
10694 926 0
36891 953 0
12622 928 0
32264 947 0
15981 991 0
24005 943 0
30243 945 0
9666 926 0
29610 945 0
25025 944 0
42006 959 0
31715 946 0
9689 926 0
20424 938 0
8974 979 0
10640 926 0
24897 943 0
2985 923 0
30594 945 0
7255 925 0
16099 1046 0
16954 935 0
24582 943 0
39036 956 0
16860 935 0
29623 945 0
9964 1055 0
8662 965 0
39768 956 0
7216 1063 0
8782 925 0
36579 933 0
28060 945 0
12142 991 0
15464 933 0
3133 923 0
20104 938 0
19500 937 0
19765 937 0
35167 928 0
13106 929 0
8210 925 0
35430 950 0
6507 1019 0
31252 946 0
5086 923 0
18908 936 0
7498 925 0
26964 945 0
41761 959 0
13792 953 0
39136 956 0
7443 979 0
31713 992 0
30351 945 0
4831 923 0
12983 929 0
1846 922 0
32741 925 0
8691 925 0
10504 1031 0
1490 1062 0
6203 976 0
8952 925 0
16582 935 0
21302 939 0
37144 1058 0
4020 1013 0
33335 948 0
30997 946 0
3793 923 0
12576 1037 0
3269 923 0
21861 940 0
36357 952 0
17528 1021 0
8753 925 0
29900 945 0
2693 961 0
23863 942 0
39699 956 0
34690 950 0
40916 958 0
17934 1021 0
26606 989 0
20236 938 0
24751 943 0
6608 923 0
31569 946 0
9156 925 0
6144 923 0
34151 949 0
26626 989 0
30234 945 0
3139 976 0
41062 958 0
5964 961 0
11259 926 0
24794 943 0
21217 939 0
20335 938 0
36418 952 0
23011 942 0
9745 1031 0
4912 976 0
41096 959 0
36841 955 0
11497 927 0
15294 933 0
5121 961 0
35500 1059 0
18758 936 0
20648 938 0
25407 944 0
27977 945 0
3846 961 0
5916 923 0
33423 948 0
18155 964 0
18122 964 0
1513 922 0
5436 923 0
21035 939 0
20258 938 0
4496 1019 0
19802 1012 0
8139 925 0
10508 926 0
14098 932 0
42222 987 0
21972 1057 0
35275 950 0
15345 953 0
2104 922 0
24609 943 0
8977 925 0
28635 945 0
13500 930 0
33096 948 0
15621 933 0
15530 933 0
13727 931 0
40919 958 0
16147 934 0
24795 943 0
7444 980 0
13499 928 0
17967 964 0
40783 958 0
23824 942 0
18145 936 0
19418 937 0
25097 944 0
38987 956 0
6386 976 0
36786 1007 0
27030 945 0
17693 936 0
37869 956 0
24756 979 0
23175 942 0
27544 945 0
33896 949 0
11955 928 0
13356 928 0
33186 948 0
39864 956 0
28642 989 0
6177 923 0
23081 942 0
40505 958 0
12037 928 0
16869 935 0
3552 1022 0
6705 923 0
4893 923 0
16046 934 0
22213 940 0
33326 948 0
22320 940 0
11362 927 0
38460 956 0
30482 945 0
7573 925 0
19404 937 0
32572 948 0
19659 937 0
29337 989 0
25254 944 0
33209 948 0
37844 956 0
37026 953 0
20796 938 0
28230 945 0
10513 1031 0
18198 1021 0
38606 956 0
7139 980 0
3363 923 0
15869 934 0
15371 933 0
40393 957 0
4377 1019 0
12188 928 0
17443 964 0
4072 1013 0
34670 928 0
28611 945 0
5581 1019 0
11024 1055 0
27174 945 0
4554 1019 0
12545 934 0
33949 949 0
8205 925 0
13570 931 0
29347 945 0
6931 7004 215
8370 925 0
19507 937 0
42117 1042 0
7768 1065 0
27184 945 0
19793 937 0
38595 956 0
12282 1046 0
5850 923 0
4609 923 0
40597 958 0
24062 943 0
30158 945 0
13280 930 0
39203 956 0
5043 961 0
4422 923 0
33937 967 0
33891 949 0
33936 949 0
7734 979 0
6694 923 0
24539 943 0
12296 928 0
32852 979 0
10350 926 0
6677 1013 0
7356 925 0
26990 945 0
1262 922 0
4287 961 0
27900 945 0
32835 948 0
22254 940 0
24354 979 0
21070 939 0
5785 923 0
31671 946 0
33490 948 0
17448 936 0
22575 941 0
2607 966 0
6382 1019 0
26463 945 0
3861 976 0
6881 923 0
10758 926 0
28632 945 0
3913 923 0
18954 936 0
10494 926 0
13802 931 0
25846 944 0
30256 945 0
15282 933 0
7422 986 0
19629 937 0
15356 933 0
20031 1036 0
41461 959 0
37336 953 0
26149 989 0
20861 939 0
4747 1013 0
23058 942 0
9539 959 0
40596 958 0
33839 967 0
10900 1031 0
42287 959 0
36356 952 0
30842 945 0
5631 961 0
18792 936 0
34202 949 0
4556 976 0
28939 945 0
33666 948 0
34947 1059 0
3090 1019 0
41200 988 0
18309 936 0
40049 956 0
36688 953 0
33700 948 0
25911 944 0
20274 938 0
22219 1057 0
41678 959 0
3354 923 0
14560 932 0
29047 945 0
39300 956 0
6791 1019 0
24841 943 0
6499 999 0
17223 1021 0
26481 945 0
7239 925 0
15524 933 0
10424 985 0
23739 942 0
21653 940 0
36123 951 0
31985 992 0
24829 943 0
41464 959 0
4567 923 0
8966 925 0
6702 1013 0
8380 925 0
17954 936 0
41440 987 0
8532 925 0
39560 956 0
28304 989 0
26787 945 0
10559 959 0
9362 1055 0
28281 945 0
20068 938 0
37982 956 0
36388 982 0
27760 945 0
9431 926 0
4556 923 0
11320 927 0
7215 980 0
19763 937 0
3954 923 0
3328 923 0
20197 938 0
28450 945 0
41509 959 0
35253 950 0
29502 945 0
21529 1032 0
26174 989 0
2302 922 0
33671 948 0
1943 922 0
13004 929 0
35093 950 0
29223 945 0
33665 1063 0
32320 947 0
16000 930 0
22268 940 0
17004 935 0
4087 1022 0
3199 1019 0
1712 922 0
8809 925 0
2314 922 0
21206 939 0
38080 956 0
5745 961 0
6434 961 0
41227 937 0
18673 1021 0
10112 959 0
16121 990 0
16333 935 0
30637 989 0
19674 937 0
24002 979 0
23088 942 0
4525 1019 0
6306 923 0
2050 922 0
8814 925 0
7486 925 0
34610 950 0
30036 945 0
19659 959 0
15790 934 0
4089 923 0
36878 953 0
13849 953 0
37057 953 0
5251 923 0
34364 949 0
20269 938 0
22202 1057 0
18894 1021 0
39153 956 0
5806 966 0
32852 948 0
24357 943 0
26686 945 0
35872 1029 0
18818 964 0
1666 922 0
34564 950 0
16375 1027 0
26213 945 0
27930 945 0
35484 950 0
30066 945 0
5189 923 0
39660 956 0
27252 945 0
5661 966 0
17943 923 0
10846 959 0
3007 923 0
32570 948 0
27520 945 0
25655 944 0
38597 956 0
26626 945 0
10974 959 0
25306 944 0
34566 1059 0
9547 926 0
6787 976 0
19871 1008 0
18530 936 0
36078 951 0
38594 956 0
20800 938 0
22774 941 0
10063 1031 0
6476 923 0
6060 961 0
8767 1063 0
7759 925 0
22095 940 0
31142 946 0
8404 948 0
30531 1063 0
6221 923 0
6985 924 0
19475 937 0
23809 942 0
36176 952 0
35883 1068 0
41519 959 0
4110 961 0
13231 930 0
31872 984 0
23975 943 0
35063 950 0
36114 951 0
19930 988 0
41437 959 0
14939 1061 0
24034 943 0
5817 966 0
12691 1037 0
32543 948 0
8234 925 0
26553 945 0
12718 1000 0
11117 926 0
15723 990 0
22074 1032 0
21703 1032 0
22349 940 0
2613 961 0
7811 925 0
30714 945 0
23909 942 0
37072 953 0
24221 979 0
18363 936 0
3896 923 0
33663 948 0
20241 938 0
20356 938 0
38273 956 0
27341 945 0
29786 945 0
34275 949 0
22874 942 0
21621 1057 0
40177 7004 50
24243 943 0
25066 944 0
20122 1063 0
27737 945 0
6171 923 0
42116 959 0
41691 959 0
17145 1022 0
11339 927 0
16153 928 0
38848 956 0
13733 931 0
29432 945 0
25551 944 0
18607 936 0
30210 945 0
16468 935 0
13594 931 0
14511 932 0
10977 926 0
23462 942 0
10461 1031 0
20323 938 0
41268 959 0
22525 941 0
28140 989 0
30983 946 0
31405 946 0
23717 942 0
28789 945 0
37769 956 0
23307 942 0
3318 961 0
6427 1013 0
17507 936 0
21073 939 0
16561 935 0
41854 959 0
11202 926 0
6397 961 0
24483 943 0
39350 956 0
6025 923 0
15385 933 0
9541 926 0
19155 1021 0
36801 953 0
10554 959 0
7711 925 0
17904 1021 0
12537 928 0
31763 946 0
3131 999 0
3919 976 0
27923 945 0
41507 959 0
30157 945 0
36624 953 0
16945 1020 0
30849 945 0
4651 923 0
21838 1057 0
14997 932 0
4269 923 0
7404 1063 0
1645 922 0
28137 945 0
1423 922 0
20068 1032 0
10418 1031 0
4641 923 0
24561 943 0
4986 923 0
4652 1019 0
10955 926 0
35425 1059 0
34244 967 0
23963 943 0
36444 952 0
35379 928 0
8097 925 0
35152 928 0
10147 926 0
38536 956 0
41243 959 0
38068 956 0
3710 923 0
33161 948 0
20287 938 0
2992 1019 0
25396 944 0
37231 955 0
38962 956 0
15595 953 0
32420 947 0
31734 992 0
17822 936 0
29196 945 0
21531 940 0
25113 944 0
5899 923 0
20171 938 0
21211 939 0
13725 931 0
1564 922 0
8857 925 0
3689 923 0
35477 1059 0
37492 59057 215
20105 938 0
34361 967 0
31058 946 0
37865 956 0
31877 992 0
27857 945 0
2679 923 0
24106 943 0
28014 945 0
15718 991 0
4886 999 0
30239 945 0
9452 926 0
29065 945 0
6494 961 0
13069 929 0
35817 1068 0
17312 936 0
33411 979 0
13393 930 0
6626 971 0
16108 991 0
5255 966 0
39293 956 0
34738 1059 0
6791 923 0
5904 923 0
1090 922 0
19065 936 0
8320 1056 0
20423 938 0
34213 949 0
22574 941 0
40861 958 0
24876 943 0
12875 1059 0
19416 937 0
13737 931 0
16639 935 0
41616 959 0
29833 945 0
6908 961 0
4726 923 0
13937 1182 215
5954 923 0
19061 936 0
7555 925 0
33857 949 0
34049 949 0
24890 943 0
3821 966 0
6630 923 0
21590 940 0
40053 956 0
36562 953 0
18519 936 0
17261 936 0
17701 936 0
3633 923 0
5948 961 0
20402 938 0
9191 1001 0
26480 945 0
18929 1021 0
28192 945 0
21534 940 0
30275 945 0
30924 945 0
16303 935 0
30106 945 0
36902 953 0
2430 923 0
21893 940 0
39179 956 0
29316 945 0
40769 958 0
7858 925 0
17454 936 0
14452 1061 0
3353 1019 0
14010 932 0
5237 923 0
8835 1063 0
21787 1032 0
21580 1063 0
26486 945 0
22410 1057 0
40480 957 0
28811 945 0
22237 940 0
22759 941 0
18371 936 0
5153 923 0
13487 928 0
33441 948 0
33659 1063 0
28358 945 0
22281 1032 0
9044 925 0
36454 952 0
6451 1019 0
14447 932 0
12694 928 0
12099 928 0
38964 956 0
29303 945 0
28006 945 0
10385 1031 0
5573 961 0
22091 1057 0
13275 930 0
40595 958 0
27895 989 0
13525 930 0
32997 979 0
14433 932 0
12556 1000 0
39993 956 0
14362 1061 0
13224 930 0
32761 948 0
15799 928 0
26092 944 0
41553 987 0
33379 948 0
25064 967 0
25013 944 0
41025 958 0
10191 926 0
6243 923 0
16444 935 0
7905 925 0
9294 926 0
5054 961 0
7962 57430 215
15189 953 0
29323 989 0
41447 959 0
33318 948 0
9609 959 0
7937 979 0
12380 1000 0
13851 931 0
39553 956 0
40705 958 0
8606 1063 0
14397 932 0
11881 991 0
25769 944 0
12857 950 0
6580 923 0
13042 929 0
17575 936 0
28594 945 0
9732 1031 0
19124 1022 0
6732 923 0
4961 1014 0
25006 1063 0
32465 978 0
41772 959 0
11022 1031 0
41821 959 0
13943 932 0
15641 953 0
13694 1032 0
18547 936 0
3493 976 0
38490 956 0
26049 959 0
29831 989 0
32809 979 0
34476 1068 0
7560 925 0
19279 1013 0
16082 930 0
5286 923 0
10534 1031 0
32708 948 0
6615 923 0
11572 928 0
3128 976 0
1640 922 0
20285 938 0
2905 923 0
19599 1071 0
21360 967 0
2042 922 0
35430 928 0
41223 1012 0
2325 922 0
22215 1057 0
40473 957 0
19851 959 0
30598 945 0
34953 928 0
2144 922 0
14652 932 0
17891 1022 0
22859 942 0
12938 929 0
8293 925 0
17655 964 0
6223 923 0
29046 945 0
4836 961 0
8114 925 0
19229 964 0
16160 934 0
35867 1035 0
26000 1039 0
17879 936 0
10890 1055 0
25140 944 0
17866 1021 0
28683 945 0
12916 929 0
31976 984 0
18938 1021 0
21155 939 0
20364 938 0
13198 934 0
8840 980 0
15804 934 0
2473 923 0
9607 926 0
33341 979 0
27722 989 0
35049 950 0
21216 939 0
41204 959 0
20903 939 0
30670 945 0
27494 945 0
9730 1031 0
4918 961 0
8217 979 0
31971 946 0
31747 946 0
27028 945 0
6812 1014 0
21443 940 0
8786 925 0
8243 925 0
15910 991 0
28862 945 0
28845 945 0
29558 945 0
33173 948 0
1200 922 0
36817 953 0
5657 971 0
28070 945 0
9038 925 0
20728 938 0
3664 966 0
31119 946 0
8686 925 0
14584 932 0
34347 967 0
22312 1032 0
22711 941 0
31572 946 0
16487 935 0
9880 926 0
26647 945 0
41540 959 0
17050 1027 0
31509 984 0
3624 1019 0
18486 1013 0
13828 931 0
18279 964 0
12113 928 0
5544 1019 0
33932 949 0
6594 923 0
2289 922 0
32078 946 0
16967 935 0
22297 940 0
17160 936 0
29349 945 0
27019 989 0
3925 961 0
22836 942 0
42024 1012 0
20780 938 0
36656 953 0
34961 928 0
14408 932 0
35659 928 0
12416 928 0
21832 940 0
26894 945 0
3548 999 0
3881 923 0
10514 959 0
18390 936 0
23892 942 0
3019 923 0
32471 947 0
13411 930 0
29826 945 0
1314 922 0
8390 928 0
15142 933 0
4825 923 0
9320 1031 0
22063 940 0
14484 932 0
26008 967 0
14169 1022 0
11598 927 0
26548 945 0
13123 19996 259
24012 943 0
22451 1032 0
5990 923 0
9747 926 0
15438 953 0
13204 930 0
13294 991 0
16278 935 0
3120 923 0
6772 961 0
35435 1059 0
37788 956 0
4427 936 0
41822 937 0
10895 1055 0
11934 1000 0
28420 945 0
3972 923 0
10385 926 0
39361 956 0
10180 1031 0
7598 925 0
21292 7004 215
11286 926 0
23224 942 0
7755 925 0
27446 945 0
30625 989 0
15422 933 0
41920 1038 0
17351 999 0
24464 943 0
18089 936 0
30940 945 0
21580 1057 0
19062 936 0
2568 923 0
36325 1052 0
37423 956 0
7937 948 0
3688 966 0
26605 989 0
39026 956 0
39976 956 0
19635 937 0
39347 956 0
28039 945 0
36739 953 0
18453 964 0
38673 956 0
21011 939 0
22623 941 0
1157 922 0
4212 923 0
3557 923 0
25356 944 0
15090 933 0
7819 948 0
4250 961 0
3609 966 0
31787 992 0
4291 923 0
14320 932 0
5599 966 0
9530 959 0
3128 961 0
18835 936 0
28849 945 0
24159 979 0
5018 923 0
8737 979 0
39086 956 0
25617 1055 0
35345 1059 0
18165 936 0
10308 926 0
3460 961 0
39015 956 0
23113 942 0
17778 936 0
12105 928 0
30238 1063 0
41738 959 0
13431 934 0
20476 938 0
2522 961 0
37333 955 0
37881 969 0
14807 932 0
33223 979 0
37320 955 0
11897 928 0
19000 936 0
2608 923 0
6254 971 0
40419 953 0
20788 938 0
42218 959 0
26756 945 0
20802 938 0
17778 1021 0
7303 925 0
25685 944 0
18152 964 0
5164 1019 0
25564 967 0
12475 1000 0
39301 956 0
39691 956 0
11175 7004 215
19319 937 0
9954 1031 0
4049 923 0
9799 926 0
3128 1019 0
36353 952 0
8989 925 0
13915 931 0
18872 1013 0
2380 922 0
8984 925 0
19003 964 0
4314 961 0
10405 926 0
34833 950 0
2620 923 0
32926 948 0
36779 953 0
35364 950 0
22657 941 0
34822 950 0
38034 56538 215
20264 938 0
6465 923 0
8320 1063 0
24739 979 0
29172 945 0
23349 942 0
41149 1049 0
33659 925 0
29510 945 0
27027 945 0
4551 923 0
8335 948 0
17576 1013 0
6553 961 0
24408 943 0
16966 935 0
38504 956 0
31843 946 0
38111 956 0
12902 929 0
36604 953 0
14518 932 0
6866 966 0
33835 949 0
16953 935 0
25398 944 0
15094 953 0
13831 1015 0
17976 936 0
13103 929 0
31775 1043 0
14011 932 0
1799 922 0
31272 984 0
4175 923 0
3544 961 0
18801 1021 0
41248 937 0
8155 925 0
27211 945 0
19162 936 0
36055 951 0
15300 933 0
35965 951 0
4814 1019 0
41566 1049 0
9917 1031 0
8143 925 0
26013 944 0
13069 1070 0
15992 990 0
8892 979 0
41149 937 0
3193 923 0
8724 925 0
19055 936 0
40723 958 0
19503 937 0
10181 926 0
21088 939 0
1414 922 0
17291 1021 0
9017 1001 0
3990 923 0
10361 1031 0
21538 940 0
13937 999 0
24075 979 0
21578 940 0
37799 956 0
35410 950 0
31952 946 0
41649 959 0
27926 978 0
29576 945 0
39872 956 0
26060 959 0
5776 961 0
35072 1059 0
5479 961 0
37560 956 0
35766 1035 0
30719 989 0
26800 945 0
34559 950 0
15412 933 0
26147 1065 0
18907 964 0
5175 999 0
26090 944 0
35200 950 0
10394 959 0
39095 956 0
10786 926 0
8122 925 0
32879 948 0
22206 1057 0
29107 945 0
8401 925 0
8914 948 0
34793 1059 0
3050 923 0
33079 948 0
11168 1055 0
21617 1032 0
6524 923 0
12366 928 0
28795 945 0
32760 948 0
10133 926 0
10001 959 0
40832 958 0
41580 959 0
39079 956 0
22446 1057 0
7204 1065 0
40003 956 0
35772 951 0
31995 992 0
25448 944 0
27791 945 0
4984 1013 0
17280 936 0
6901 923 0
30743 945 0
19998 937 0
3861 966 0
8861 925 0
13558 931 0
20257 938 0
6808 1019 0
38997 956 0
5451 1019 0
16735 935 0
9906 926 0
27140 945 0
3314 966 0
34649 1059 0
29042 945 0
21983 940 0
15765 990 0
2160 922 0
34657 950 0
23440 942 0
18495 936 0
14735 932 0
31997 992 0
10836 926 0
30480 989 0
13893 931 0
31000 946 0
26439 945 0
7193 979 0
31996 946 0
27130 945 0
23733 942 0
6235 923 0
40818 958 0
23097 942 0
12066 1059 0
28150 945 0
19654 959 0
3939 7004 215
23099 942 0
18604 936 0
15190 933 0
33353 948 0
2934 923 0
17039 935 0
35382 950 0
7889 925 0
11800 928 0
16983 935 0
3918 966 0
10565 1055 0
22066 940 0
23112 942 0
5928 1019 0
36414 952 0
4440 923 0
18091 1013 0
28495 945 0
25415 944 0
40269 957 0
28980 945 0
26300 945 0
41845 959 0
15396 953 0
8432 925 0
27300 945 0
4627 923 0
26475 945 0
24710 943 0
14869 932 0
41050 958 0
33686 948 0
13048 929 0
38860 956 0
35455 950 0
24530 943 0
28895 945 0
41218 959 0
29162 945 0
30190 945 0
41855 959 0
25959 944 0
16747 935 0
42093 959 0
21503 940 0
41957 959 0
19521 1008 0
19113 936 0
26891 989 0
35027 928 0
14635 932 0
13626 1032 0
9046 979 0
11147 926 0
31826 992 0
35595 950 0
16123 990 0
26446 945 0
10398 937 0
10752 926 0
35536 1059 0
41355 987 0
24963 943 0
27418 945 0
16451 935 0
26063 1011 0
32429 947 0
28659 945 0
4933 961 0
22938 942 0
39627 969 0
27615 945 0
38667 956 0
40464 957 0
25517 944 0
32859 948 0
31155 946 0
20672 938 0
29974 945 0
6057 1013 0
42352 959 0
23450 942 0
28770 945 0
14152 1061 0
34045 949 0
21634 1057 0
3683 923 0
5160 1019 0
34896 950 0
29378 945 0
5612 966 0
28378 945 0
16366 935 0
8869 1001 0
5373 923 0
30629 1064 0
8169 925 0
21219 939 0
31588 946 0
3769 923 0
3474 923 0
21533 1057 0
13461 991 0
13096 929 0
2454 923 0
12049 928 0
27121 945 0
16934 935 0
17948 964 0
5471 923 0
7696 925 0
6780 961 0
32563 7004 215
29459 945 0
4939 961 0
9276 979 0
14917 932 0
17754 1021 0
41590 959 0
25022 944 0
35341 928 0
27611 978 0
6024 923 0
32862 948 0
24977 943 0
35406 950 0
32459 947 0
14183 932 0
21674 1057 0
10108 926 0
24849 943 0
39457 956 0
30572 945 0
5276 923 0
17281 1022 0
38268 956 0
41211 937 0
6014 961 0
8297 925 0
31256 946 0
41736 937 0
12492 928 0
4485 923 0
10276 926 0
2137 922 0
11864 927 0
25447 967 0
41383 959 0
17648 999 0
11784 927 0
19340 959 0
1833 1062 0
4023 923 0
42377 959 0
13464 930 0
5978 1019 0
8093 925 0
9336 926 0
3702 923 0
7173 925 0
24177 943 0
29296 945 0
3113 1019 0
5986 923 0
32793 948 0
5590 966 0
30632 945 0
39932 969 0
29905 989 0
12460 7004 215
38852 956 0
18919 1021 0
16052 928 0
40745 958 0
23331 942 0
15959 990 0
4630 961 0
27931 989 0
27984 989 0
21438 1057 0
6728 1016 0
33524 1069 0
21946 940 0
11397 927 0
12179 990 0
41387 959 0
8244 925 0
5646 966 0
2487 1019 0
4057 961 0
37163 954 0
25596 944 0
33922 949 0
29665 989 0
35330 928 0
10221 926 0
6165 923 0
34361 1039 0
3223 961 0
5247 923 0
19308 1008 0
4793 976 0
24676 943 0
4108 923 0
34037 949 0
29879 989 0
18278 936 0
10390 926 0
39732 956 0
23758 942 0
2584 923 0
26907 945 0
10039 926 0
11131 926 0
33980 949 0
2957 923 0
10080 1055 0
41545 959 0
3644 923 0
8138 925 0
20870 939 0
10086 926 0
19966 987 0
13626 972 0
41694 959 0
35989 951 0
3094 923 0
32682 925 0
36568 955 0
32047 946 0
19706 937 0
5804 1019 0
16020 934 0
28063 945 0
8860 979 0
3340 1013 0
39199 956 0
4874 966 0
7392 1063 0
32810 948 0
5191 976 0
5321 923 0
12225 928 0
16605 935 0
33191 979 0
5643 966 0
5868 966 0
5735 923 0
39228 956 0
10399 1031 0
33018 948 0
10775 959 0
7847 925 0
6383 923 0
11656 927 0
6440 923 0
24321 943 0
32374 989 0
37557 956 0
24509 943 0
18470 936 0
17901 964 0
10214 926 0
41811 959 0
35718 1068 0
30877 945 0
11258 926 0
5109 1013 0
5875 1019 0
35551 1059 0
11927 928 0
33310 979 0
17557 964 0
36152 951 0
34914 928 0
11122 926 0
18734 936 0
7775 925 0
21284 939 0
25151 944 0
11629 927 0
10906 926 0
40920 958 0
9152 925 0
6802 961 0
29019 978 0
3666 923 0
2887 923 0
17549 936 0
35999 951 0
27191 945 0
35393 950 0
21635 940 0
24804 943 0
35860 951 0
39097 956 0
39697 956 0
24938 943 0
4329 923 0
27990 989 0
24600 943 0
34849 1059 0
38715 956 0
3578 923 0
16394 935 0
26859 945 0
4622 1019 0
41932 937 0
15858 990 0
14022 1061 0
10116 926 0
5327 923 0
35286 950 0
37096 953 0
5050 1019 0
2907 971 0
13808 1007 0
42321 959 0
13875 931 0
26713 945 0
23790 942 0
37200 953 0
6335 923 0
13786 931 0
27817 945 0
21704 940 0
3945 961 0
21690 940 0
5646 961 0
21409 939 0
40547 958 0
9664 937 0
26671 945 0
33024 948 0
34057 949 0
11572 927 0
29776 945 0
3929 976 0
4058 1019 0
21344 939 0
17608 1021 0
27609 945 0
36263 1052 0
20363 938 0
26094 944 0
42085 959 0
11016 926 0
21988 1057 0
25095 944 0
17790 63604 107
11110 949 0
6628 923 0
34678 1059 0
14637 932 0
9704 926 0
1560 922 0
28938 945 0
23335 942 0
25441 944 0
4410 923 0
18250 936 0
11124 926 0
38083 956 0
18418 964 0
26825 945 0
32024 946 0
5022 923 0
2159 922 0
6777 923 0
25827 944 0
19655 937 0
41279 937 0
6569 923 0
41633 959 0
9645 926 0
35877 951 0
29397 989 0
26250 945 0
14875 932 0
19076 1021 0
15854 990 0
20030 1008 0
9042 1063 0
10941 926 0
3687 1019 0
39735 956 0
12497 928 0
13588 931 0
19307 937 0
13456 991 0
17948 1016 0
11183 926 0
13822 1007 0
19230 936 0
21894 1057 0
6702 1022 0
17240 1065 0
7432 925 0
13783 953 0
39062 956 0
8745 925 0
30488 945 0
11306 1031 0
39269 956 0
10104 1055 0
2642 923 0
12281 1000 0
14788 932 0
15203 953 0
27877 945 0
10262 1064 0
28022 945 0
13317 928 0
4328 923 0
23375 942 0
21461 1032 0
36000 1035 0
20760 938 0
15758 934 0
29766 989 0
16707 935 0
32745 948 0
32368 947 0
3007 976 0
36786 953 0
1304 922 0
5740 923 0
33098 948 0
29849 945 0
30903 945 0
2648 923 0
14013 932 0
27344 945 0
24570 943 0
39690 956 0
22394 940 0
20558 938 0
10464 937 0
5668 923 0
6800 961 0
5550 923 0
30718 989 0
36201 952 0
36276 952 0
4814 923 0
10361 959 0
18700 1022 0
7561 925 0
4906 923 0
30707 945 0
31764 946 0
13041 929 0
40407 957 0
6648 923 0
35049 928 0
3907 923 0
4137 966 0
11865 927 0
9495 926 0
34732 950 0
17793 936 0
8321 925 0
5466 923 0
8858 925 0
36874 953 0
22746 941 0
3837 923 0
17591 1021 0
4556 1019 0
15739 990 0
13816 931 0
11878 991 0
19056 936 0
14761 932 0
4597 999 0
22629 941 0
29438 989 0
22203 940 0
25144 944 0
24233 979 0
41084 959 0
34215 949 0
24785 943 0
33325 948 0
13748 931 0
15054 1061 0
27559 945 0
27012 945 0
25397 944 0
2718 923 0
8047 979 0
17939 999 0
7407 925 0
21688 940 0
13768 931 0
21752 940 0
26252 945 0
5041 923 0
36047 951 0
22908 942 0
14395 932 0
16979 935 0
34807 950 0
3103 961 0
7806 925 0
27985 945 0
2931 1013 0
40863 958 0
42262 959 0
16155 934 0
2701 923 0
15864 928 0
3768 923 0
10098 926 0
30325 945 0
22385 1057 0
19672 988 0
25278 944 0
33944 949 0
33340 948 0
8729 925 0
28433 945 0
22274 940 0
26359 945 0
23806 942 0
30320 945 0
3780 961 0
17361 936 0
25717 944 0
2866 923 0
2877 923 0
23156 942 0
34567 928 0
7743 925 0
20594 938 0
26499 945 0
8264 925 0
3839 923 0
29632 945 0
16312 935 0
31689 946 0
11270 985 0
40502 957 0
10635 926 0
5704 966 0
25197 944 0
26336 945 0
6341 966 0
17521 936 0
5883 1013 0
20310 938 0
13313 991 0
35349 950 0
18733 936 0
3207 923 0
7444 979 0
9844 926 0
35111 928 0
1260 922 0
7807 948 0
5972 961 0
17777 964 0
21642 1057 0
15227 933 0
6045 961 0
11222 1055 0
3496 923 0
23150 942 0
13306 991 0
24311 943 0
16179 935 0
35148 928 0
37391 953 0
21203 939 0
6296 923 0
12483 991 0
40594 958 0
5027 961 0
6722 966 0
4939 1019 0
26877 989 0
12777 991 0
5058 961 0
3289 923 0
25674 944 0
13698 931 0
4517 961 0
4810 923 0
20911 939 0
18870 936 0
21969 940 0
1153 922 0
6319 976 0
4808 923 0
36994 953 0
31547 946 0
42113 988 0
8412 925 0
25251 967 0
3615 923 0
29752 945 0
3805 923 0
24622 943 0
24865 943 0
4452 923 0
10639 926 0
28695 945 0
31840 992 0
26251 945 0
10756 926 0
3849 999 0
33002 948 0
17587 936 0
39800 956 0
21177 939 0
19408 937 0
36537 1052 0
7261 925 0
10536 926 0
42150 988 0
38519 956 0
9985 926 0
14939 932 0
13053 937 0
28094 945 0
10072 926 0
10352 1055 0
4821 923 0
4322 923 0
41161 959 0
38630 956 0
10980 926 0
10706 1055 0
30191 945 0
24437 979 0
21223 939 0
17440 936 0
20083 938 0
14611 932 0
22883 942 0
28919 945 0
31242 946 0
30781 945 0
31789 992 0
4391 923 0
17336 964 0
24489 943 0
3434 1019 0
18625 964 0
5365 923 0
33344 948 0
23461 942 0
27593 945 0
17306 936 0
12819 928 0
20907 939 0
13343 934 0
8855 979 0
14506 932 0
3021 961 0
30119 945 0
21337 939 0
11951 928 0
6756 923 0
29907 945 0
26202 945 0
25528 967 0
4082 961 0
3423 923 0
22241 940 0
27988 945 0
5526 923 0
39337 956 0
5917 971 0
25058 944 0
29370 945 0
22301 1057 0
18660 936 0
1195 922 0
2913 923 0
31778 983 0
29329 945 0
2780 923 0
10131 926 0
29301 945 0
19111 1013 0
33963 949 0
13334 991 0
41940 959 0
5923 1019 0
5403 923 0
22960 942 0
1221 922 0
13193 930 0
3601 923 0
8185 1056 0
15620 933 0
2278 1030 0
22035 940 0
35755 1029 0
5599 1014 0
10033 926 0
24932 943 0
41725 959 0
31033 946 0
28923 945 0
3557 1019 0
31103 992 0
8624 925 0
31825 997 0
21272 939 0
33488 979 0
10560 959 0
14731 932 0
39569 956 0
35919 967 0
20411 938 0
9879 926 0
2691 923 0
25799 944 0
40620 958 0
22056 940 0
41429 959 0
17641 936 0
4390 923 0
19889 1008 0
14074 932 0
9865 1031 0
28208 945 0
22134 940 0
18051 1022 0
38798 956 0
35745 1029 0
19952 1008 0
15290 933 0
4807 1019 0
22067 940 0
5828 966 0
40738 958 0
3929 923 0
3655 923 0
36349 1047 0
29361 989 0
28418 945 0
29108 945 0
4429 923 0
12125 928 0
35226 928 0
35710 951 0
32491 947 0
24733 943 0
31110 946 0
33422 979 0
42144 959 0
12990 1071 0
16265 935 0
37302 955 0
41028 958 0
5573 976 0
11249 1055 0
39279 956 0
41170 959 0
11227 926 0
18294 936 0
12595 928 0
35369 950 0
33026 948 0
22641 941 0
22943 942 0
38806 956 0
33237 948 0
31023 946 0
11125 959 0
41323 959 0
24828 943 0
19032 1021 0
31094 946 0
20515 938 0
4283 1013 0
6077 923 0
35621 928 0
33030 1069 0
28537 945 0
27305 945 0
21989 1057 0
24016 943 0
13685 931 0
31865 946 0
41909 959 0
6036 923 0
14383 1061 0
15076 933 0
21901 1057 0
19638 937 0
5387 923 0
20208 938 0
8830 925 0
26653 945 0
37397 955 0
13490 930 0
20329 938 0
8710 925 0
18283 936 0
32644 1069 0
3981 961 0
14878 932 0
9429 926 0
3138 923 0
33149 948 0
32992 948 0
41841 959 0
16667 935 0
25915 944 0
41575 987 0
20650 938 0
9461 926 0
39194 956 0
25949 944 0
27068 945 0
31042 946 0
4754 923 0
10987 926 0
36431 952 0
19235 964 0
25028 944 0
10817 926 0
5951 1013 0
21962 940 0
9729 926 0
9477 926 0
34751 950 0
31868 946 0
39436 956 0
11029 1055 0
24889 943 0
39611 956 0
6836 1019 0
37098 953 0
22953 942 0
14210 1061 0
14310 932 0
8438 925 0
39202 956 0
17985 1021 0
21347 939 0
38983 956 0
38887 956 0
10519 959 0
11507 927 0
33361 948 0
38604 956 0
34995 950 0
20262 938 0
36521 952 0
18555 936 0
35161 950 0
16776 935 0
18722 936 0
26548 1063 0
20473 938 0
4479 923 0
40647 958 0
9979 1055 0
35029 950 0
29343 945 0
9762 959 0
24150 943 0
24629 943 0
31435 946 0
34418 949 0
42101 988 0
21417 939 0
8637 979 0
10430 926 0
19384 937 0
41223 959 0
24109 943 0
28599 945 0
13409 934 0
7975 979 0
41337 937 0
29175 945 0
19453 959 0
14457 932 0
7942 925 0
28488 945 0
7747 925 0
27902 945 0
25730 7004 215
4395 976 0
1722 922 0
5208 923 0
4199 923 0
4715 923 0
8646 1064 0
35037 928 0
3950 961 0
31390 946 0
27244 945 0
5223 923 0
24337 943 0
17336 1013 0
8372 925 0
22224 940 0
36675 953 0
42170 987 0
22120 1057 0
14891 932 0
41943 959 0
13887 931 0
10345 926 0
14685 932 0
10656 926 0
22179 940 0
13794 1007 0
31111 946 0
2604 961 0
6282 923 0
28169 945 0
11595 927 0
2036 922 0
4709 923 0
18578 964 0
41610 987 0
3732 1019 0
7268 925 0
22339 940 0
33667 948 0
22365 940 0
13063 929 0
29993 945 0
10361 926 0
24860 943 0
34245 949 0
26692 945 0
3908 923 0
23042 942 0
38838 956 0
22217 1032 0
8150 925 0
8906 948 0
40137 956 0
23647 942 0
7061 979 0
25651 967 0
6124 923 0
6739 923 0
3951 961 0
3262 923 0
34621 1059 0
40784 958 0
21520 1032 0
12736 928 0
42190 988 0
23279 942 0
36285 952 0
9770 926 0
17301 936 0
20409 938 0
33588 948 0
30377 945 0
22582 941 0
22635 941 0
3761 966 0
29484 945 0
19730 1004 0
2645 961 0
2481 923 0
19366 959 0
40324 957 0
33623 948 0
40247 957 0
13687 931 0
12087 16169 41
5316 923 0
39600 956 0
15742 991 0
39468 956 0
36447 952 0
25897 967 0
33292 948 0
28685 945 0
22450 1057 0
11996 928 0
39573 956 0
25580 944 0
6904 923 0
1548 922 0
29937 945 0
26293 945 0
29547 945 0
16720 935 0
7061 925 0
27594 945 0
39313 956 0
27763 989 0
9964 926 0
23771 942 0
21568 940 0
7039 925 0
8806 925 0
37061 953 0
11156 1055 0
33208 948 0
6764 966 0
5388 923 0
17900 964 0
1918 922 0
6654 923 0
4923 923 0
19910 959 0
33279 979 0
18537 936 0
27106 945 0
39888 956 0
36076 951 0
6792 1013 0
2919 923 0
25691 944 0
4994 1002 0
19530 937 0
32465 947 0
3199 923 0
15499 933 0
17899 936 0
3662 1022 0
36281 982 0
4387 923 0
5735 961 0
10909 926 0
42292 987 0
33055 948 0
13182 991 0
24583 943 0
23262 942 0
19394 937 0
28799 945 0
5560 923 0
8681 925 0
8575 980 0
22903 942 0
15317 933 0
16055 991 0
38007 956 0
1170 922 0
5914 976 0
9719 926 0
34160 949 0
15261 933 0
20784 938 0
20764 938 0
4886 966 0
39150 956 0
30813 945 0
17115 7004 215
2801 923 0
19367 959 0
23928 943 0
3582 1019 0
10313 926 0
32725 948 0
33072 948 0
22178 940 0
11027 926 0
23476 942 0
7094 980 0
11989 928 0
24893 943 0
6425 923 0
2285 922 0
8915 925 0
12380 928 0
16778 1013 0
2449 923 0
8296 979 0
8580 925 0
17657 936 0
18496 1021 0
11286 1055 0
21818 1057 0
3849 1019 0
40555 958 0
12818 1000 0
32060 946 0
5185 923 0
10720 926 0
11986 928 0
41603 959 0
12721 928 0
39132 956 0
32495 947 0
29572 989 0
12777 990 0
3219 999 0
29199 945 0
2435 923 0
28007 945 0
24697 943 0
30500 945 0
37929 956 0
16214 935 0
35809 951 0
3547 923 0
28408 945 0
3699 923 0
37386 955 0
21525 1057 0
5461 1013 0
29074 989 0
10688 926 0
2589 923 0
7050 925 0
9367 926 0
28013 945 0
34878 928 0
41853 959 0
12129 928 0
13592 931 0
33814 967 0
4245 923 0
18538 936 0
17509 936 0
39341 956 0
21881 1057 0
35706 1068 0
29531 945 0
22176 1057 0
26087 1039 0
3996 923 0
28387 945 0
19750 937 0
5098 923 0
27315 945 0
41306 959 0
28684 945 0
4513 923 0
2087 922 0
5845 961 0
36110 951 0
29995 945 0
24233 943 0
19676 937 0
2826 923 0
39981 956 0
5449 966 0
31132 984 0
7520 925 0
16443 935 0
33329 1069 0
21469 940 0
41446 959 0
8969 979 0
26246 945 0
35507 950 0
13827 953 0
38063 956 0
25664 944 0
16066 990 0
5655 1013 0
11190 926 0
10948 926 0
11178 926 0
31615 946 0
15007 932 0
40288 953 0
33545 979 0
18496 936 0
4108 976 0
18767 936 0
34854 950 0
11902 928 0
21808 1057 0
30806 945 0
41445 959 0
27226 989 0
22252 940 0
7597 925 0
33995 949 0
29630 945 0
7563 925 0
23846 942 0
8673 925 0
35760 967 0
20012 937 0
24142 943 0
31357 946 0
7134 925 0
11249 926 0
10138 926 0
41527 959 0
22218 1057 0
5098 961 0
5697 923 0
15915 990 0
41343 959 0
29483 945 0
1356 922 0
36439 952 0
10663 926 0
15506 933 0
35445 950 0
10533 926 0
22583 941 0
28709 945 0
30729 989 0
9732 926 0
33016 1069 0
38777 956 0
32631 948 0
15908 990 0
41419 959 0
35349 1059 0
1378 922 0
7275 925 0
20733 938 0
27258 945 0
31269 946 0
12180 991 0
12809 950 0
23660 942 0
3734 923 0
19067 936 0
36105 951 0
23034 942 0
26243 945 0
13941 932 0
29239 945 0
17794 964 0
36402 952 0
35482 1059 0
10890 959 0
30057 945 0
25515 944 0
3893 999 0
18608 1013 0
3210 923 0
2672 923 0
6732 1013 0
4570 923 0
19445 959 0
37818 956 0
19325 937 0
11511 927 0
24035 943 0
29793 945 0
30257 945 0
20174 938 0
28068 945 0
31570 946 0
33723 948 0
41102 959 0
5777 923 0
11001 1055 0
7235 925 0
18933 936 0
6745 1016 0
12477 977 0
11344 927 0
26490 945 0
5887 999 0
1710 922 0
8750 925 0
19101 964 0
18879 936 0
31045 946 0
31705 946 0
11168 937 0
6890 923 0
10759 926 0
4805 923 0
11281 926 0
33054 948 0
20013 1053 0
18383 1021 0
34972 1059 0
7632 925 0
1660 922 0
21825 1057 0
26932 945 0
16677 935 0
33384 948 0
2217 922 0
8952 979 0
42176 959 0
17730 1022 0
6669 923 0
41156 987 0
28781 945 0
18097 1021 0
10231 926 0
16955 935 0
29779 945 0
3346 966 0
4604 966 0
6533 923 0
41646 959 0
21318 967 0
3816 923 0
18060 1013 0
13506 934 0
5869 923 0
37695 956 0
37753 956 0
42035 959 0
17885 1016 0
18790 1021 0
33014 948 0
17852 1021 0
27156 945 0
32315 947 0
7230 1063 0
16294 1013 0
29105 945 0
31944 946 0
10661 926 0
37460 956 0
5611 966 0
11632 927 0
17154 1021 0
33454 948 0
12017 1059 0
9320 1065 0
27718 945 0
33930 949 0
3792 961 0
29495 989 0
28924 945 0
5024 923 0
34056 949 0
15084 953 0
5234 923 0
28856 945 0
11010 1055 0
6764 1022 0
5758 923 0
25777 944 0
20009 959 0
38633 956 0
37515 956 0
13414 930 0
1320 7004 215
17563 1020 0
3282 923 0
3431 999 0
10839 926 0
31859 1048 0
17141 936 0
13630 1015 0
39098 956 0
41385 959 0
31374 946 0
9529 985 0
18706 936 0
12466 928 0
34353 949 0
23217 942 0
11271 1055 0
12390 928 0
31711 992 0
4789 1013 0
6309 923 0
23544 942 0
25275 944 0
18835 1021 0
4884 961 0
3696 923 0
12223 928 0
28829 989 0
11013 959 0
1187 922 0
9382 926 0
8103 925 0
30318 989 0
35584 950 0
35685 951 0
37971 956 0
16666 935 0
9493 1055 0
5951 1019 0
2935 1019 0
20859 939 0
36449 952 0
15834 934 0
18120 936 0
28808 989 0
41575 959 0
34699 928 0
20706 938 0
4324 923 0
4526 1013 0
10366 959 0
23774 942 0
1912 922 0
8874 925 0
13785 931 0
3181 961 0
5167 923 0
6719 923 0
35261 1059 0
4261 923 0
34747 950 0
3324 923 0
41737 959 0
24980 943 0
31573 946 0
24349 979 0
34343 7004 215
11287 959 0
7588 925 0
7410 1063 0
26424 945 0
10024 926 0
24354 943 0
15960 934 0
18885 964 0
28249 989 0
39469 956 0
5595 966 0
30962 945 0
31772 992 0
28276 945 0
39008 956 0
12573 991 0
29211 945 0
3070 923 0
24379 943 0
17484 964 0
38624 956 0
6912 1013 0
20454 938 0
21483 940 0
26914 945 0
25055 944 0
2083 922 0
17472 999 0
29390 1060 0
30614 945 0
36409 1052 0
32959 948 0
21677 940 0
18099 936 0
13510 991 0
33131 979 0
37024 953 0
21088 967 0
15207 933 0
12184 928 0
28713 945 0
3712 971 0
16696 935 0
20271 938 0
21978 1057 0
5612 923 0
17503 936 0
35086 950 0
12790 1000 0
10463 926 0
3457 1019 0
5562 961 0
32893 948 0
12627 928 0
36027 951 0
36168 952 0
15542 933 0
36743 953 0
11424 927 0
36598 953 0
8793 925 0
25320 944 0
29447 945 0
4631 966 0
26368 945 0
30212 945 0
40923 958 0
8832 925 0
34816 950 0
16084 930 0
2239 922 0
35217 950 0
41418 959 0
14276 1061 0
9308 926 0
20656 938 0
2555 923 0
9714 926 0
41940 987 0
8582 925 0
20186 938 0
19536 937 0
5643 961 0
42384 1039 0
4511 961 0
14862 932 0
29305 945 0
37336 955 0
22124 1057 0
18747 1013 0
5054 923 0
6415 976 0
18079 936 0
26267 945 0
19043 936 0
28509 945 0
26419 945 0
6873 999 0
28391 945 0
1107 922 0
12074 928 0
2295 922 0
22015 940 0
4717 966 0
33222 948 0
25269 944 0
15314 953 0
9392 926 0
12391 928 0
33722 948 0
27534 945 0
10260 959 0
24105 943 0
40001 956 0
8098 948 0
2431 923 0
8763 925 0
15259 933 0
18060 936 0
28552 945 0
3538 961 0
41137 937 0
21997 1057 0
3932 923 0
39231 956 0
8713 979 0
33934 949 0
18896 936 0
21514 1057 0
34909 928 0
13813 1007 0
29231 945 0
19048 936 0
28971 989 0
18106 1021 0
5450 923 0
14097 932 0
42265 959 0
20367 938 0
38221 956 0
9288 1056 0
1764 922 0
26219 945 0
30047 945 0
22128 940 0
33547 948 0
30041 945 0
3312 961 0
23588 933 0
15886 991 0
8489 925 0
22181 940 0
32077 946 0
25466 944 0
30789 945 0
13953 932 0
37254 955 0
40467 953 0
8800 925 0
11009 937 0
6613 923 0
29067 945 0
32373 947 0
27969 945 0
5959 923 0
3171 923 0
18165 1021 0
33589 948 0
7751 925 0
13178 991 0
5241 923 0
25979 944 0
35602 950 0
6425 961 0
23899 942 0
34880 1059 0
1741 922 0
28227 945 0
23300 942 0
9550 926 0
19651 937 0
17522 936 0
24061 943 0
33001 948 0
20298 938 0
19260 1021 0
11238 1055 0
35423 950 0
3926 961 0
17966 936 0
5440 1019 0
39566 956 0
1574 922 0
26353 945 0
18858 1022 0
33489 948 0
27375 945 0
40213 957 0
3700 1019 0
14526 932 0
19282 936 0
23730 942 0
19923 937 0
4203 923 0
30647 945 0
33767 1065 0
35467 950 0
36492 952 0
40059 956 0
24761 943 0
9022 925 0
27787 989 0
27843 989 0
4056 961 0
10201 1064 0
27842 989 0
23633 942 0
21858 940 0
8561 925 0
11939 928 0
24604 943 0
30958 945 0
18343 964 0
12486 928 0
23353 942 0
22647 941 0
36268 1047 0
22008 1057 0
9940 1031 0
6809 923 0
19229 936 0
5804 966 0
26349 945 0
4746 1019 0
18499 936 0
31114 946 0
40418 957 0
34056 967 0
19381 1012 0
5638 1034 0
8147 925 0
10579 1031 0
11492 928 0
22226 1057 0
25849 944 0
9498 959 0
14840 932 0
11370 927 0
42083 959 0
5913 923 0
29136 945 0
27325 945 0
31755 992 0
4751 966 0
5423 976 0
21833 940 0
7931 925 0
8899 979 0
11675 928 0
33309 979 0
30659 989 0
3867 923 0
4783 1019 0
30589 989 0
24530 979 0
19314 959 0
18932 964 0
41570 1039 0
39581 956 0
34963 1059 0
16065 934 0
8435 925 0
5802 1013 0
12346 928 0
4516 1013 0
14987 932 0
18132 1021 0
18450 1021 0
28278 945 0
18131 936 0
8660 925 0
32876 7004 215
15349 933 0
20311 938 0
41358 959 0
39368 956 0
4322 961 0
31564 946 0
31674 946 0
4984 961 0
24956 943 0
5364 976 0
18444 936 0
41596 959 0
37786 956 0
12762 928 0
12987 929 0
17886 936 0
36077 1068 0
9048 925 0
3749 966 0
29433 945 0
39146 956 0
11087 1031 0
38516 956 0
7220 979 0
4433 923 0
6339 923 0
39631 956 0
10654 926 0
15388 933 0
41373 959 0
28076 945 0
9307 1031 0
41107 937 0
35071 950 0
8098 979 0
14410 932 0
29481 989 0
6489 923 0
2363 1030 0
2154 922 0
38544 956 0
10727 926 0
5967 923 0
38733 956 0
5807 923 0
32103 992 0
10284 937 0
20109 938 0
13039 929 0
35440 928 0
3700 1034 0
19211 936 0
17807 1021 0
5978 1034 0
16771 1013 0
38845 956 0
14708 1061 0
36678 953 0
30268 945 0
13972 932 0
4943 966 0
29082 945 0
11305 926 0
19584 937 0
25403 944 0
35883 1035 0
25518 944 0
4005 1013 0
20876 939 0
5927 1019 0
5624 966 0
28716 945 0
6354 966 0
31289 946 0
8451 948 0
21461 940 0
12879 1046 0
22995 942 0
9932 926 0
19127 964 0
39411 956 0
19902 1057 0
24845 943 0
33665 948 0
22002 940 0
41297 1055 0
7929 925 0
5164 923 0
26728 945 0
15389 933 0
4358 923 0
38844 956 0
41958 959 0
22078 940 0
30527 945 0
4753 1019 0
28106 945 0
7489 979 0
16900 935 0
14286 1061 0
10784 926 0
29213 945 0
29383 1066 0
13177 930 0
8011 925 0
19659 988 0
6850 966 0
9660 926 0
9242 1063 0
16338 935 0
35171 950 0
35573 950 0
41752 959 0
13607 1032 0
20885 939 0
13835 931 0
12177 928 0
6529 966 0
13310 991 0
4015 923 0
1439 922 0
7908 925 0
3990 966 0
6315 923 0
2897 961 0
36405 1052 0
19794 988 0
21202 939 0
35498 1059 0
4842 923 0
40994 958 0
31182 946 0
35692 1035 0
33456 948 0
28419 945 0
17109 936 0
33644 948 0
24145 943 0
22514 941 0
26644 989 0
8776 925 0
3243 923 0
10456 959 0
12389 928 0
30006 945 0
4996 966 0
2132 922 0
5092 923 0
33229 948 0
30160 945 0
9186 925 0
20080 938 0
42375 959 0
10850 926 0
35575 950 0
32410 947 0
18381 936 0
21946 1057 0
7259 948 0
16815 1027 0
12835 1037 0
2168 1030 0
11186 926 0
17472 1017 0
4666 961 0
16078 930 0
10712 926 0
32701 948 0
9914 926 0
15585 933 0
3498 923 0
7572 925 0
30547 945 0
25834 1011 0
12152 928 0
5706 923 0
20100 1032 0
6312 961 0
33881 949 0
2037 922 0
3340 1034 0
6692 923 0
41572 959 0
18668 936 0
33937 949 0
41714 959 0
5875 1013 0
31485 946 0
2366 922 0
11357 927 0
12672 1059 0
18739 1021 0
23236 942 0
29314 945 0
32949 948 0
42332 926 0
18030 1016 0
22477 941 0
31511 946 0
22343 940 0
34407 949 0
33387 948 0
6360 961 0
26798 945 0
22526 941 0
29185 989 0
41483 959 0
7920 948 0
26759 945 0
4854 1013 0
23305 942 0
3355 923 0
15690 934 0
35900 951 0
3476 1013 0
41068 1055 0
14121 932 0
40766 958 0
33167 948 0
1687 922 0
13815 953 0
13793 931 0
23882 942 0
20521 938 0
18038 936 0
26549 945 0
4129 923 0
10682 1064 0
19753 1049 0
36705 953 0
21326 939 0
10215 926 0
41979 987 0
22250 1032 0
30037 989 0
20282 938 0
11169 926 0
39093 956 0
28531 989 0
33553 979 0
18439 936 0
11204 926 0
29138 945 0
33537 948 0
21368 967 0
30920 945 0
9156 1065 0
17956 1021 0
13612 931 0
15079 933 0
28995 989 0
14857 1061 0
39894 956 0
34966 928 0
2029 922 0
2264 922 0
8607 948 0
5464 923 0
3219 1019 0
22237 1032 0
23281 942 0
5649 1022 0
3232 1013 0
9546 937 0
27169 945 0
25417 944 0
9778 1055 0
3780 999 0
11114 937 0
6696 923 0
26007 944 0
17783 964 0
16926 935 0
33261 948 0
23533 942 0
42129 959 0
3472 923 0
8490 948 0
1505 922 0
24898 943 0
31399 1011 0
16916 1028 0
10522 926 0
24459 943 0
36647 955 0
10532 926 0
21535 940 0
7851 979 0
28228 945 0
12103 928 0
16048 934 0
4546 961 0
8554 925 0
33585 948 0
27013 989 0
20677 938 0
5293 923 0
13503 934 0
27822 945 0
31620 946 0
30593 989 0
35162 950 0
15872 990 0
28218 945 0
13793 1007 0
20204 938 0
20414 938 0
3958 961 0
7125 948 0
14865 932 0
26063 944 0
25325 944 0
22187 1057 0
8809 979 0
29064 945 0
24957 943 0
39871 956 0
19298 937 0
4855 923 0
31703 946 0
41899 959 0
31990 946 0
33075 948 0
4119 961 0
1507 922 0
20731 938 0
2835 923 0
4669 976 0
41421 959 0
5605 923 0
4747 1022 0
8547 925 0
3094 961 0
4884 923 0
17996 1021 0
5160 966 0
40842 958 0
4976 1013 0
27435 945 0
16253 935 0
17851 1017 0
16843 1024 0
27825 945 0
9683 1031 0
9314 926 0
30100 945 0
12542 928 0
36066 951 0
23770 942 0
29952 945 0
11714 927 0
9399 1055 0
28862 978 0
30583 945 0
25958 944 0
15459 933 0
20161 938 0
26666 945 0
10001 1031 0
5509 923 0
6731 976 0
3010 923 0
4483 923 0
10725 959 0
29260 945 0
4578 1013 0
21776 940 0
16386 935 0
33018 979 0
27017 945 0
31970 946 0
6262 923 0
6426 923 0
32751 979 0
14770 1061 0
8913 925 0
30804 945 0
10321 926 0
2462 961 0
12554 928 0
29120 1066 0
24719 979 0
28691 989 0
14127 932 0
15826 934 0
9468 926 0
26817 989 0
21684 1057 0
24470 943 0
8893 925 0
12873 1046 0
2149 922 0
18833 964 0
3974 961 0
27645 945 0
3436 966 0
15601 953 0
24021 979 0
14501 1061 0
34253 949 0
12527 990 0
27633 989 0
28327 945 0
2643 923 0
4515 923 0
16412 999 0
3408 923 0
35030 928 0
30151 945 0
35823 951 0
12810 928 0
30317 945 0
17282 936 0
24343 979 0
2823 923 0
29354 945 0
31166 946 0
33370 948 0
19833 937 0
8202 979 0
8264 979 0
11651 927 0
4974 961 0
39229 956 0
35673 950 0
39808 956 0
18028 999 0
4272 961 0
31233 985 0
27506 945 0
3409 923 0
24742 943 0
4289 999 0
22630 941 0
19670 988 0
33196 948 0
41767 959 0
3842 961 0
10456 1031 0
35016 950 0
3520 923 0
28662 945 0
23646 942 0
1468 922 0
16009 934 0
35061 928 0
18275 1021 0
28195 945 0
31019 946 0
15800 991 0
31084 992 0
1795 922 0
34229 949 0
31888 992 0
36048 951 0
11779 927 0
36280 952 0
18540 1021 0
31471 985 0
18546 1021 0
6873 923 0
10696 926 0
4149 923 0
12881 949 0
17428 936 0
31423 946 0
42151 959 0
23247 942 0
35547 1059 0
4293 923 0
10765 926 0
2958 1019 0
6877 961 0
35507 928 0
16377 935 0
5862 923 0
31165 946 0
34398 949 0
31506 946 0
39452 956 0
40831 958 0
37764 956 0
23837 942 0
42344 959 0
30174 945 0
21804 940 0
3894 923 0
26108 944 0
27178 945 0
16134 990 0
28098 945 0
9920 926 0
18221 936 0
21902 1057 0
8978 925 0
7332 925 0
29224 945 0
28300 945 0
35616 928 0
16141 990 0
17866 936 0
28962 945 0
20523 938 0
10772 926 0
24591 943 0
33833 949 0
25452 944 0
23372 942 0
6902 923 0
12781 1000 0
30509 945 0
30843 945 0
21527 1032 0
34826 1059 0
4556 1022 0
40108 956 0
29262 945 0
29310 989 0
17422 1022 0
14334 932 0
1609 922 0
12844 928 0
14796 1061 0
4357 923 0
33727 948 0
24032 943 0
13324 934 0
41140 959 0
31455 946 0
27022 945 0
38467 956 0
33790 7004 215
6386 923 0
31939 946 0
33492 948 0
18292 936 0
18264 964 0
33280 948 0
13404 928 0
9546 959 0
1210 922 0
34660 950 0
5013 1019 0
6513 923 0
2888 923 0
33868 967 0
7584 925 0
10316 1031 0
33865 949 0
27251 989 0
12008 950 0
27248 945 0
6606 966 0
35720 967 0
9540 926 0
40353 953 0
4554 923 0
3659 923 0
26729 945 0
36141 951 0
10105 926 0
13096 1071 0
11386 927 0
29621 945 0
7215 979 0
4554 1013 0
13392 930 0
23219 942 0
29492 945 0
24189 979 0
36256 1052 0
32091 984 0
4580 1013 0
34210 949 0
12058 928 0
7418 925 0
14022 932 0
5337 923 0
19045 936 0
27019 945 0
26442 945 0
15024 932 0
24974 943 0
11010 937 0
33829 949 0
35331 928 0
23711 942 0
11091 926 0
35551 950 0
18120 1022 0
26858 989 0
6789 923 0
31904 1011 0
16221 935 0
27142 945 0
13199 934 0
19262 964 0
16108 990 0
28431 945 0
6659 923 0
4807 966 0
18704 1021 0
8811 925 0
15708 990 0
35686 7004 215
12811 990 0
34808 1059 0
7994 925 0
34751 1059 0
13005 929 0
10785 926 0
40055 956 0
17217 936 0
31753 992 0
37415 956 0
29125 945 0
41530 959 0
15975 934 0
14547 932 0
23695 942 0
33301 979 0
7660 925 0
12375 928 0
11150 926 0
13466 928 0
4739 7004 215
4434 976 0
17884 1022 0
28081 945 0
4061 966 0
35103 928 0
19729 1031 0
33028 948 0
7088 925 0
16037 990 0
20102 938 0
32798 948 0
9242 980 0
33080 948 0
35535 950 0
4488 923 0
21991 1057 0
37532 7004 215
2152 922 0
10135 926 0
31692 992 0
5468 966 0
24179 943 0
29750 945 0
39575 956 0
17886 999 0
41747 937 0
8946 925 0
4334 961 0
7692 925 0
6975 54208 215
11211 926 0
10136 926 0
12151 1000 0
19737 988 0
2565 923 0
32768 948 0
6357 976 0
18630 936 0
32012 984 0
23513 942 0
26881 989 0
7812 925 0
20470 938 0
36921 1010 0
38728 956 0
15103 933 0
6391 923 0
22163 940 0
6489 966 0
14284 932 0
28736 945 0
38567 956 0
35572 928 0
19179 936 0
5430 923 0
15992 1046 0
32115 947 0
7972 925 0
3232 923 0
9072 1065 0
9840 926 0
36978 998 0
5755 1022 0
24803 943 0
39818 956 0
29374 945 0
12073 928 0
11333 927 0
12152 1000 0
30494 945 0
9578 926 0
8944 925 0
37571 969 0
4677 923 0
2980 923 0
6058 923 0
17266 936 0
27428 989 0
13470 934 0
9447 926 0
3095 923 0
33737 948 0
13680 931 0
12692 928 0
39431 956 0
42152 959 0
14583 1061 0
24333 979 0
37774 956 0
12817 934 0
17460 964 0
26458 945 0
10728 926 0
18612 936 0
39151 956 0
9872 959 0
7277 979 0
15909 991 0
5409 1019 0
27608 945 0
5679 923 0
23791 942 0
27354 945 0
25708 45811 215
3598 923 0
3495 923 0
3948 966 0
30931 945 0
29571 945 0
18818 999 0
18213 936 0
23289 942 0
29552 945 0
28477 945 0
20694 938 0
31438 946 0
39849 956 0
7837 925 0
15859 990 0
7697 925 0
10372 1055 0
12760 1000 0
40885 958 0
31131 946 0
39191 956 0
10262 1055 0
9166 1063 0
38776 956 0
17078 935 0
17147 999 0
41398 959 0
6657 923 0
8873 925 0
33347 948 0
5151 923 0
6451 923 0
34212 949 0
4008 923 0
16513 935 0
26089 944 0
4107 923 0
4828 63604 107
22312 940 0
23327 942 0
22390 940 0
10447 926 0
20362 938 0
8392 980 0
6721 961 0
40000 956 0
29467 945 0
32460 947 0
26212 945 0
27820 945 0
22394 1063 0
5111 976 0
1746 922 0
29849 989 0
20643 938 0
38514 956 0
33514 948 0
39263 956 0
5435 961 0
3163 923 0
22094 1057 0
39615 956 0
10293 926 0
11897 1059 0
30034 945 0
31028 946 0
15629 933 0
24498 943 0
14885 932 0
15013 932 0
9922 926 0
22665 941 0
41811 997 0
3784 999 0
20613 938 0
19397 937 0
29625 945 0
11890 1059 0
13413 930 0
27550 945 0
5898 923 0
26226 945 0
41676 959 0
39558 956 0
23604 942 0
32402 947 0
10367 1031 0
32992 925 0
29944 945 0
17717 1021 0
30652 945 0
2822 923 0
31077 946 0
9828 926 0
28470 945 0
28909 945 0
35105 1059 0
2031 922 0
36183 1052 0
6142 923 0
20655 938 0
31812 946 0
26282 945 0
5649 961 0
21016 939 0
13319 991 0
7786 925 0
22616 941 0
22357 940 0
10877 926 0
29246 945 0
5321 961 0
22055 1057 0
9442 926 0
39254 956 0
16187 935 0
11510 927 0
40481 957 0
8416 925 0
4884 1019 0
42379 959 0
28473 945 0
10552 1055 0
13669 931 0
33192 948 0
4508 961 0
41808 959 0
22996 942 0
26030 944 0
8842 925 0
17175 936 0
8755 979 0
28023 945 0
24765 943 0
34828 950 0
15322 953 0
35367 950 0
18980 936 0
20529 938 0
1617 922 0
41696 988 0
9271 925 0
26239 945 0
9536 926 0
3733 923 0
13679 931 0
5061 923 0
25123 944 0
8455 970 0
40837 958 0
7155 925 0
24267 943 0
32635 948 0
18937 936 0
3557 1022 0
5529 1019 0
24240 943 0
1448 922 0
19502 937 0
4225 961 0
5877 923 0
19596 937 0
10465 1055 0
2153 922 0
35338 950 0
24680 943 0
17486 936 0
38878 956 0
23447 942 0
9156 1063 0
33616 948 0
3836 966 0
35913 951 0
18862 1022 0
11080 926 0
27297 945 0
13517 934 0
41442 987 0
13219 991 0
13181 934 0
12573 928 0
42052 987 0
8723 979 0
19715 937 0
4727 976 0
5658 1019 0
35448 950 0
25315 944 0
4960 923 0
26258 945 0
40735 958 0
18396 936 0
4885 961 0
25333 944 0
8289 925 0
23016 942 0
23613 942 0
4789 1019 0
12853 1059 0
26736 945 0
4702 961 0
4946 961 0
6256 923 0
39487 956 0
19676 1064 0
26466 945 0
1591 922 0
9897 926 0
34709 928 0
21023 939 0
3760 923 0
27455 945 0
41061 958 0
15270 933 0
9058 925 0
36623 957 0
30382 945 0
8638 925 0
22562 941 0
7203 1065 0
11540 927 0
16490 935 0
5738 923 0
35660 950 0
9350 926 0
30322 945 0
12044 991 0
38178 956 0
21326 16036 41
4438 923 0
11879 928 0
23368 942 0
11083 1055 0
24158 943 0
28459 945 0
11253 926 0
34461 949 0
32127 947 0
19553 1055 0
27748 945 0
6494 923 0
21779 940 0
26129 945 0
13828 953 0
33810 958 0
27722 945 0
7608 925 0
7385 925 0
14098 1061 0
22656 941 0
25640 967 0
4018 961 0
30380 945 0
31937 992 0
34903 928 0
5791 1002 0
15228 933 0
17407 923 0
13411 934 0
40499 957 0
6245 923 0
8810 925 0
41299 959 0
33853 949 0
36629 953 0
9519 926 0
37196 955 0
8499 925 0
38760 956 0
6879 1013 0
34608 1059 0
4796 923 0
31327 946 0
3677 1002 0
6767 923 0
4641 1013 0
4947 923 0
41750 959 0
16020 928 0
35978 1029 0
31722 946 0
12706 928 0
19595 937 0
16964 935 0
9381 926 0
3608 923 0
10204 926 0
5120 1034 0
5395 966 0
35306 950 0
17687 936 0
12781 1059 0
13054 929 0
23311 942 0
9415 926 0
14992 932 0
34626 1059 0
18901 936 0
6866 1013 0
7254 925 0
3191 923 0
3023 923 0
27853 945 0
30718 945 0
19720 1004 0
7979 925 0
5137 961 0
10262 926 0
30525 945 0
31764 992 0
23505 1033 0
29025 945 0
12801 928 0
31471 992 0
4944 1013 0
29151 945 0
18030 1062 0
23253 942 0
22196 940 0
31703 983 0
19172 1021 0
15566 933 0
33206 979 0
32657 948 0
38251 969 0
25261 944 0
6833 923 0
22442 1057 0
26484 945 0
30868 989 0
13238 930 0
32883 948 0
9773 926 0
5080 923 0
35597 950 0
16124 991 0
26961 989 0
28512 945 0
34348 967 0
9782 926 0
28283 945 0
5458 923 0
4058 999 0
25243 944 0
33600 948 0
19078 1021 0
31979 946 0
36199 952 0
4944 923 0
16357 935 0
41828 959 0
8398 925 0
39792 956 0
10947 926 0
29734 945 0
10696 1031 0
7756 925 0
6261 976 0
26310 945 0
28135 945 0
42372 959 0
32461 978 0
4801 1014 0
26093 944 0
6014 1019 0
10959 926 0
16397 935 0
29429 945 0
38907 956 0
4258 1013 0
23246 942 0
19727 1008 0
32011 992 0
17476 936 0
11044 926 0
4097 966 0
13606 1032 0
11071 1031 0
18289 936 0
27778 945 0
15992 991 0
4638 1014 0
38364 956 0
22608 941 0
27804 945 0
4736 966 0
12904 929 0
28738 989 0
37063 953 0
8855 986 0
8404 925 0
11056 926 0
3781 976 0
18284 936 0
24652 943 0
39618 956 0
12941 1071 0
25331 944 0
34645 1059 0
34016 949 0
15685 934 0
36388 952 0
14759 1061 0
13845 931 0
24432 943 0
32925 948 0
17547 936 0
4890 1022 0
23199 942 0
31344 946 0
31035 946 0
3932 961 0
17414 1022 0
17178 936 0
40962 958 0
25067 967 0
17788 936 0
7054 925 0
31709 946 0
21479 1057 0
21275 939 0
23687 942 0
18241 964 0
21006 939 0
9662 926 0
33895 967 0
20229 938 0
7567 948 0
7490 925 0
21641 1032 0
23689 942 0
4263 923 0
31913 946 0
30092 945 0
8701 925 0
8507 925 0
14953 932 0
5672 961 0
6485 966 0
35072 928 0
3346 999 0
30750 945 0
25497 967 0
33674 948 0
2636 923 0
39774 956 0
22261 940 0
24024 943 0
14558 932 0
10889 926 0
22328 1057 0
18106 964 0
27788 989 0
33593 948 0
19176 936 0
15744 930 0
2666 961 0
2441 923 0
37232 955 0
29250 945 0
22047 940 0
41041 958 0
6532 1013 0
33664 1063 0
9492 1055 0
11238 1031 0
2685 976 0
42155 959 0
26317 945 0
1635 922 0
3946 923 0
4891 923 0
29426 945 0
17206 1062 0
35020 950 0
6395 961 0
28689 945 0
9362 1031 0
7723 925 0
32674 948 0
3814 966 0
22278 940 0
2744 923 0
15130 933 0
28927 945 0
3632 999 0
9369 926 0
16984 935 0
32975 948 0
19097 964 0
27310 945 0
3532 966 0
16457 935 0
14026 932 0
1709 922 0
11089 926 0
7556 925 0
28741 945 0
34781 928 0
20029 959 0
18700 936 0
34638 1059 0
25132 944 0
25024 944 0
18325 936 0
30962 989 0
33637 948 0
35938 951 0
11011 926 0
41523 959 0
42080 959 0
7613 925 0
19190 1021 0
18410 936 0
16808 935 0
26954 945 0
12725 12728 41
41303 937 0
23599 942 0
20206 938 0
3418 923 0
40993 958 0
34131 949 0
28661 945 0
17220 964 0
32683 1065 0
39757 956 0
19089 964 0
24912 943 0
12178 950 0
25863 944 0
19457 1071 0
29184 945 0
17719 936 0
8836 948 0
23881 942 0
3510 966 0
26816 989 0
6451 966 0
37755 956 0
17632 936 0
7302 925 0
12970 929 0
14034 932 0
31766 946 0
6785 923 0
38988 956 0
31186 946 0
4763 966 0
29908 945 0
18857 1021 0
13478 930 0
10436 926 0
12809 928 0
9905 1031 0
2967 923 0
3755 923 0
25069 944 0
32514 947 0
11144 926 0
7684 925 0
37910 956 0
12236 928 0
32006 946 0
18092 961 0
30534 989 0
4277 961 0
34855 1059 0
4381 999 0
12431 1000 0
31037 946 0
36856 1060 0
24343 943 0
17542 936 0
2947 923 0
4903 1013 0
11374 927 0
42295 959 0
12943 929 0
22052 1057 0
11140 937 0
41945 959 0
32575 1069 0
11541 927 0
22225 1032 0
35591 950 0
11944 928 0
30878 945 0
40983 958 0
8411 925 0
21310 939 0
39514 956 0
14258 932 0
6785 1019 0
3852 976 0
14654 932 0
41745 937 0
39054 956 0
36381 982 0
13158 929 0
10558 926 0
13539 930 0
42270 959 0
28272 945 0
40696 958 0
16968 1034 0
36262 952 0
32774 948 0
33485 948 0
12029 928 0
13791 931 0
17006 935 0
2213 922 0
37922 956 0
31413 992 0
16788 935 0
20615 938 0
19081 999 0
7827 925 0
17489 964 0
5494 923 0
14144 1061 0
8239 979 0
34504 950 0
20618 938 0
23975 979 0
36057 1029 0
8250 925 0
41553 959 0
8299 925 0
19891 1049 0
4946 976 0
25046 1008 0
14481 932 0
28874 945 0
13527 934 0
17907 936 0
3653 1019 0
5745 1013 0
34524 950 0
41400 959 0
13412 930 0
34748 950 0
24093 943 0
2694 923 0
27681 945 0
25590 944 0
30246 989 0
14814 1061 0
34686 928 0
31982 985 0
15757 991 0
42329 926 0
19034 1021 0
15254 933 0
35473 1059 0
17169 964 0
11009 959 0
34924 1059 0
3342 923 0
6311 961 0
11203 926 0
34430 949 0
15831 930 0
27095 989 0
41990 937 0
12211 928 0
2438 923 0
18754 936 0
36518 952 0
22262 1057 0
18394 936 0
7666 925 0
10647 959 0
2614 923 0
19238 1021 0
22201 1057 0
21336 939 0
3613 923 0
2644 923 0
40440 957 0
26048 944 0
15614 933 0
9012 925 0
26838 945 0
12577 950 0
13510 930 0
18603 936 0
31197 946 0
32172 947 0
7233 1056 0
3950 923 0
42084 926 0
22132 940 0
26809 945 0
8284 925 0
5896 976 0
13487 930 0
23463 942 0
33472 948 0
21623 1057 0
30886 945 0
36446 1052 0
35706 967 0
12936 929 0
3859 966 0
18015 936 0
29373 945 0
19149 964 0
10282 926 0
7245 948 0
22049 940 0
28888 945 0
29461 945 0
20778 938 0
8541 925 0
31796 992 0
35858 951 0
19568 937 0
22867 942 0
4999 1013 0
3023 961 0
24348 943 0
18989 936 0
39595 956 0
37017 933 0
30041 989 0
10230 926 0
22576 941 0
11876 1000 0
14495 932 0
2297 922 0
27037 945 0
12359 928 0
37376 955 0
35302 928 0
30132 945 0
39875 956 0
31387 946 0
39548 956 0
7401 925 0
35066 950 0
24543 943 0
12241 977 0
4315 1013 0
41336 944 0
17551 936 0
17365 1021 0
30703 945 0
11516 927 0
8059 925 0
29267 945 0
11993 928 0
26029 944 0
21950 1057 0
29792 989 0
16962 935 0
14238 932 0
39511 956 0
12239 927 0
38687 956 0
41351 988 0
22451 1057 0
16950 935 0
12778 928 0
8827 925 0
16884 935 0
41367 1049 0
40281 957 0
34306 949 0
28792 945 0
14722 932 0
19404 1012 0
27831 989 0
13202 928 0
10152 926 0
18802 1021 0
15831 928 0
27809 945 0
40678 958 0
28237 945 0
15999 990 0
6517 923 0
24429 943 0
14073 932 0
27727 945 0
38751 956 0
39135 956 0
29504 945 0
2733 923 0
22037 1057 0
5829 966 0
35625 950 0
22940 942 0
13520 991 0
4755 966 0
16196 935 0
31754 946 0
34860 928 0
4233 923 0
21937 940 0
34961 1059 0
36579 953 0
21843 940 0
6782 923 0
1856 922 0
27194 945 0
9670 1055 0
36091 951 0
26405 945 0
6666 923 0
4632 1002 0
26327 945 0
8821 925 0
27912 989 0
18447 936 0
2525 923 0
29117 945 0
12839 950 0
42244 959 0
17936 936 0
29728 989 0
34979 928 0
31985 984 0
23765 942 0
9162 925 0
7304 1063 0
10305 926 0
14640 932 0
11899 928 0
12621 928 0
32048 992 0
9571 926 0
13102 929 0
1360 922 0
5585 923 0
33376 948 0
21817 940 0
14587 932 0
3634 923 0
4755 1014 0
31678 946 0
36466 952 0
26505 989 0
5583 961 0
4856 923 0
4232 923 0
19132 936 0
21679 940 0
10571 1031 0
7236 979 0
16022 990 0
32819 7004 215
25052 967 0
37792 956 0
27998 945 0
3753 923 0
34915 928 0
22927 942 0
31963 946 0
24861 943 0
16646 935 0
18250 964 0
27208 945 0
14710 932 0
38140 956 0
3604 923 0
15927 991 0
8240 979 0
27637 945 0
21691 940 0
11153 1055 0
6504 923 0
34121 949 0
19245 936 0
33630 948 0
13450 934 0
14078 1061 0
10147 1031 0
19313 959 0
24560 943 0
33314 948 0
21430 967 0
18801 964 0
23971 943 0
35646 928 0
24611 943 0
2938 961 0
31533 946 0
31200 992 0
15252 933 0
36538 1045 0
24857 979 0
9431 1055 0
16675 935 0
4036 923 0
36435 1047 0
32394 989 0
5857 1024 0
7492 925 0
40250 957 0
15436 933 0
10691 926 0
5330 923 0
13344 930 0
33245 948 0
19729 1055 0
41488 987 0
28069 945 0
39771 956 0
25454 944 0
5808 923 0
19483 988 0
27773 945 0
33576 925 0
41662 988 0
1137 922 0
37492 61127 215
38629 956 0
14260 932 0
36729 953 0
21714 940 0
32975 1069 0
26968 945 0
9316 926 0
21714 1057 0
30018 945 0
41635 988 0
10115 1031 0
9009 979 0
2277 922 0
19453 937 0
21834 1057 0
9593 926 0
17171 936 0
3973 966 0
11150 1055 0
29326 945 0
33100 948 0
19966 959 0
35738 951 0
31431 946 0
21089 939 0
21008 939 0
2656 923 0
13317 991 0
33552 948 0
34416 949 0
8602 1056 0
38772 956 0
28404 945 0
11130 926 0
13875 1032 0
9167 1065 0
4009 966 0
2901 923 0
37612 956 0
5493 923 0
24556 943 0
16621 935 0
38717 956 0
18226 936 0
28587 945 0
39307 956 0
27492 945 0
5319 1013 0
4933 923 0
9638 926 0
42184 988 0
21735 1032 0
3813 961 0
30167 945 0
