4071
32311 43725 96
11205 55370 63
12809 12141 12
12217 59914 232
17181 13435 62
6737 42602 89
12621 66494 64
19281 46254 57
26533 66278 174
21326 53787 18
36791 48092 224
12217 37036 59
32008 57153 19
31880 19336 57
32008 26518 15
1100 47592 12
18812 49997 174
36718 45586 89
6997 45229 186
15649 15231 89
7042 4653 12
32856 45196 64
40450 9259 211
32883 49335 87
14035 25505 63
32008 59286 18
21335 51175 4
17887 17324 57
21326 49055 15
35235 42750 229
1829 54658 12
40310 34444 211
20933 48134 174
35235 49604 229
19336 62386 15
11220 44028 64
6975 44817 174
21152 54881 174
37220 32008 18
7211 24153 80
20947 45000 12
2287 50863 243
20953 44740 139
21326 51332 35
7114 49601 24
20031 67917 183
6940 43616 15
1102 63052 174
37492 43455 200
7004 62632 174
16224 55324 63
7004 62470 243
34939 12142 35
7004 7543 243
25708 2273 220
32883 37683 80
12142 52972 229
18229 63592 192
19209 19336 57
37696 19336 57
36202 42929 96
19336 44164 211
6940 49045 18
21612 50045 237
1074 62625 177
18000 64070 192
5734 52634 12
9515 63304 63
36372 36320 223
18914 56240 57
38148 44965 225
12142 66431 36
26533 65365 12
32883 68562 87
36608 47779 18
26533 65695 15
12479 56845 35
25562 52568 244
15779 15820 48
17240 53060 57
36202 60904 96
11661 12113 24
11741 12087 229
12142 12088 12
32008 53252 19
36528 42432 15
35080 12142 12
6941 57153 19
36919 36650 48
32574 68317 87
24059 24294 80
21397 22431 219
1494 65466 4
1829 59304 4
41191 42065 246
12142 56960 36
5664 56374 195
1829 45518 232
19336 39876 15
36800 66202 15
2287 32493 150
12621 54857 36
32574 49997 225
12621 67826 12
2197 59304 4
15715 52844 229
36650 7198 96
12142 34902 12
32008 66487 15
18900 19336 57
41191 45540 251
36718 59903 211
15649 40453 89
7021 47220 11
12864 12621 36
4653 68591 229
37536 39764 217
32823 45933 87
17200 19336 57
36093 67184 183
19336 42627 18
7022 63777 246
12522 12142 36
36650 56271 89
21326 62627 12
18807 48134 225
2287 50156 10
38063 55715 220
6975 63511 244
7211 32428 12
12483 60441 35
18104 63929 192
37402 40178 15
17481 19336 57
1587 22345 14
24049 56250 80
17406 35608 186
2287 56311 243
18785 43997 57
4662 56217 154
19138 45447 57
36814 15231 89
41129 1988 251
40450 15649 89
33767 68214 87
18914 65246 57
32008 56340 12
6985 66646 229
19336 11506 235
7004 46350 243
28563 1494 89
7004 62040 243
5772 54911 15
38312 32903 23
21326 64478 224
12386 12621 229
13937 67449 59
7004 48134 225
12142 45011 12
15674 19336 57
17368 65127 62
37034 32458 89
32008 37674 10
21107 46786 76
7004 57629 243
36320 42621 224
14979 44061 183
17661 63604 192
11460 19336 57
13242 65573 36
32574 67203 87
18175 64104 64
6885 19336 57
13353 48289 225
6941 65466 4
6975 45549 214
18189 57825 11
38148 57738 244
36374 12855 23
17443 47251 60
17468 19336 57
32008 35807 15
17604 42803 243
28563 4653 89
19138 63956 57
19336 60067 251
12517 12142 36
7004 42624 18
16224 41374 191
32311 66876 57
19337 29217 211
15649 40286 89
18914 63604 11
19337 37594 211
5734 57312 15
13419 48156 10
32929 60817 132
2287 50156 11
8149 61334 244
19336 52518 251
36671 36921 89
19281 7102 57
19336 65207 244
11842 54158 232
11759 36527 150
19333 44075 189
32008 55079 12
35235 52643 224
35188 64251 15
12183 52261 174
19336 12962 64
21136 26658 174
1203 51175 4
12142 35514 36
16091 26533 229
7004 41180 243
19337 54597 15
5734 25505 183
24294 42593 64
35587 12142 36
35089 66012 229
37492 44712 200
7114 58322 15
35460 12142 36
34361 55750 139
17887 42425 57
17522 63614 62
2386 41191 4
36202 42609 224
36608 61102 18
32823 55336 87
36320 48127 211
21136 47592 12
17484 17695 60
32066 62604 225
38372 19336 57
24041 67810 24
32929 43099 132
26680 67184 243
36608 42920 18
9135 6996 12
7114 50234 15
32883 50645 23
36202 45059 186
7004 59157 243
1366 43229 11
6966 35188 19
36650 47888 34
34454 26550 139
32008 57312 10
32000 56151 225
38148 32101 177
32338 18807 224
19336 61380 15
20947 66294 12
18058 26533 229
5734 67805 9
4750 55554 154
32883 7115 132
14945 62984 12
12142 63168 36
32008 52213 12
16072 64816 80
11473 12269 211
36692 62641 89
17648 56470 63
6941 54573 246
36718 50432 150
35209 12142 36
18812 64378 183
32481 44835 36
7043 43717 48
21082 55334 246
17336 63701 192
32008 15616 19
18188 44391 60
6985 59304 4
35551 12142 12
36650 53919 19
21509 57795 225
5734 61547 229
18188 44397 60
17286 62285 14
36374 7203 23
18102 64799 57
41191 67495 10
39162 42796 224
32481 62529 35
12087 12483 35
13937 65466 200
36608 61773 80
6941 64584 10
7211 62193 174
32514 65014 220
4587 53831 154
39162 61241 15
12216 13853 12
1278 46227 89
11740 55291 35
38148 61014 244
17406 54359 15
23549 47905 19
24323 46117 87
26533 55612 237
38148 68591 12
1372 58064 243
19336 21744 15
18790 50309 64
19946 63148 229
7004 63243 243
36374 19908 25
36320 59066 224
20983 64303 76
18188 62879 61
21014 65529 246
19337 61391 246
12113 55878 12
36718 15666 89
38034 49179 177
21326 45846 224
1829 32485 177
41191 64051 10
12599 56813 251
41191 61014 246
19336 64017 64
28563 7052 89
7023 62887 174
7211 49356 80
20810 64303 76
36718 32784 87
35860 16270 246
32008 28640 15
22693 50710 15
16224 52823 191
12183 48289 174
16224 35125 191
14945 53512 12
8149 16995 219
41109 20028 225
18872 58187 10
24090 32625 80
35491 12142 12
17354 64799 57
19337 42691 211
21326 57678 36
35551 54682 12
6985 45545 243
41882 65410 64
12621 50910 36
7004 56407 234
26533 65630 15
5734 46663 18
6737 47298 80
38148 64551 218
16224 44031 200
21025 11103 76
36528 47064 15
23975 48675 24
22733 7004 120
32550 51163 63
24991 56250 80
36650 54913 34
41303 43935 189
35235 65207 243
18004 63934 62
36358 59882 64
12599 64385 219
18812 47633 52
21136 62604 174
4808 53845 191
41096 42725 251
4828 64799 57
1130 7004 120
8099 58048 211
17286 51995 57
17203 19336 57
36320 12621 36
36608 44884 104
9138 47457 12
41308 68565 225
37492 49539 10
18071 19336 57
18896 53060 57
36650 51516 186
12621 35454 35
21326 65544 243
12621 64422 36
1528 65860 4
15689 12142 36
36371 12621 36
21091 12621 36
5734 39876 229
2078 7004 244
12191 47051 12
19336 42767 15
35235 53045 224
36800 61932 19
24271 7203 23
36650 68040 12
20953 43810 139
24294 45172 225
38148 52680 4
18189 36642 57
34418 60216 14
12621 59499 12
7034 68469 174
2043 21326 96
19993 68565 174
24191 32784 87
18192 45165 192
23595 51995 57
18231 63176 63
35551 45866 35
37688 6985 64
7051 62248 23
32008 44837 12
13242 68591 36
2287 63956 4
37617 44840 59
18907 63700 192
7211 43003 48
12621 16122 36
5734 59967 18
7004 46566 243
1124 45000 12
4662 65213 154
2287 52581 89
37341 6975 174
7211 40191 35
41882 45327 246
17985 63833 61
36650 37203 89
12216 64687 177
33845 49096 220
17954 63176 63
32883 46217 87
18872 63186 10
13529 37095 19
7042 35931 12
26126 68102 15
32008 66812 18
2273 36791 89
32687 32785 87
34444 64241 19
8934 43488 80
6940 49857 18
35235 63018 244
1076 48880 15
35212 66393 251
35235 46372 224
1203 53658 4
12142 63819 12
26680 62674 244
7200 57153 19
32550 63209 63
1507 52680 4
6941 32428 12
15192 64477 229
40450 52866 36
12621 12534 36
12169 50652 104
38148 62627 12
11740 68591 36
15231 51899 89
6919 7004 120
7109 12621 12
12862 12142 229
35776 65174 12
7021 45007 104
1130 62984 12
36608 45274 18
33767 65927 87
18155 63650 192
12599 53537 186
21038 64378 174
20983 47026 76
36650 60727 52
8149 67970 219
13937 55824 59
32311 64726 177
15294 59748 34
21847 45909 76
36320 61651 9
18790 65430 237
37216 61377 177
24279 24080 80
18104 42425 57
18848 19336 57
18124 19336 57
12433 52844 36
41191 48238 251
18807 63613 174
7004 56509 243
17465 46254 57
5734 60155 18
41191 59944 174
37494 7004 120
13419 66468 10
15192 26068 24
36650 53071 15
21326 61483 96
6975 59926 139
20973 63714 246
18229 63204 63
20939 43890 174
18000 1188 60
17736 19336 57
34418 60096 14
36130 50233 225
37084 50962 36
18807 37925 25
9167 53023 23
12159 12142 36
19337 50234 15
12821 12220 36
11586 54682 229
18812 68469 174
36528 47385 15
17264 54714 57
41191 56435 251
12621 52930 35
35052 12141 12
12207 12087 12
18104 53817 10
35188 59304 4
41080 6975 225
7004 52425 186
11594 12142 36
5734 56344 244
1988 43138 4
24279 9189 87
35860 63612 251
17384 19336 57
28879 66395 48
32008 55367 10
23975 48151 24
41882 66731 246
12189 50156 246
19336 68067 15
20914 19336 57
41096 43741 251
15294 65970 34
6941 59807 229
17887 35269 61
17291 63176 63
32925 68130 87
35089 12141 12
38148 43184 244
24963 43779 80
20893 45013 104
9156 48842 20
21014 61089 246
17192 51764 64
41145 43441 48
16224 12216 59
36608 65392 15
31911 19336 57
32823 53138 220
36800 54081 89
36202 43664 96
17925 56845 60
41191 55168 251
1203 50156 244
16930 67346 64
40543 19337 57
32008 55241 18
18807 49997 225
26533 62736 19
7114 32947 23
32428 7200 12
38213 58084 57
17264 59926 62
37492 46736 191
17060 19336 57
2307 44740 184
36800 48289 174
7114 49687 235
25718 18812 24
20893 53612 104
19337 59877 15
20947 53604 12
18207 19336 57
26554 49882 177
13419 66886 64
13419 52518 10
35254 46987 195
38148 46167 183
21326 32785 87
21020 36320 132
25562 50780 244
39918 12142 36
24229 17406 229
41882 54075 225
15592 26533 224
34789 12142 12
25849 54681 244
21406 43876 73
24147 12621 35
32687 49357 80
12169 53612 104
16072 48924 23
35569 12142 12
36320 45447 211
12621 54639 36
6975 58213 186
35212 11597 251
26533 12872 15
17751 64149 60
38148 67065 183
12728 43581 229
32008 42531 24
32574 68221 87
16930 51074 244
17906 19336 57
21101 53835 177
12142 12613 48
12445 12479 36
12142 12665 35
36320 48086 244
18030 42747 60
36320 54762 223
32883 53642 87
12621 49025 36
18818 63176 63
19336 53834 251
12690 12621 229
10457 40583 174
7004 64539 243
1642 35860 230
5633 12164 60
36320 52047 224
24061 7075 34
36800 54723 19
18878 58725 61
39162 47594 229
38034 48188 191
26533 68045 15
12621 42036 36
9071 48924 23
12142 11765 35
7211 45743 15
35188 58335 15
1829 49932 232
12621 59863 36
15192 51861 186
18812 50797 64
18000 58591 57
16169 47344 48
17459 18256 192
8149 47592 244
12250 12621 12
17484 63649 60
9166 43751 23
12113 46077 80
23975 33754 24
33978 12113 59
6997 45507 19
17933 52608 64
35860 57016 174
19337 50153 36
4114 36723 59
36943 39951 89
7021 43754 12
18812 62193 174
38063 53138 220
40463 63044 14
22341 20810 72
19149 60454 62
19081 52608 64
34559 56047 9
18807 63173 10
34877 12142 36
21326 8750 223
32753 12142 229
28563 40453 89
7200 61240 150
1203 53525 224
7051 55206 23
35860 42394 237
32574 68131 87
18857 63604 62
7004 68376 243
4662 62511 192
36320 48503 223
36511 19336 4
32008 62000 12
26717 36800 48
13377 36718 15
13937 67739 57
7211 64638 80
8149 48679 177
32008 43359 15
24323 57969 80
17976 62397 154
18785 64799 57
12621 48001 36
6941 56905 224
6802 57444 195
26680 43388 72
17155 63176 63
17967 63705 60
6941 56724 80
38327 32008 18
5734 54950 229
18896 58448 57
9158 7078 34
18863 19336 57
9167 45441 87
1829 53928 10
19791 59914 232
17751 51200 57
15192 51563 211
19336 43091 243
40139 6941 223
18104 65405 192
19336 40336 211
6940 63613 225
18132 63904 10
9135 13853 12
35188 26658 225
35303 12142 36
5734 57426 232
2007 38148 230
12621 62113 36
6941 65365 12
28563 1203 89
37224 61377 177
18878 63894 61
7200 65365 12
32008 56298 12
32574 49394 87
35051 47051 229
9135 47592 12
21612 12142 12
23948 56483 80
21326 15822 36
37294 1130 230
19337 59673 211
18191 51917 154
36202 45735 96
18807 50443 223
25562 46556 139
32008 44778 15
12621 43168 35
21086 56159 18
17564 19336 57
32008 43393 18
25559 19336 57
12216 56049 104
4653 36175 19
41191 1829 251
23595 66876 57
12621 45473 36
15231 12113 89
12294 12621 36
16224 52680 200
18790 53184 200
12164 52844 48
13419 54588 191
5734 62857 183
35551 12087 35
17240 58084 57
36322 36650 223
36650 47138 34
35214 12142 12
17648 67309 63
32942 47298 80
21136 62377 12
16930 64584 244
34798 12142 229
13651 12621 36
12426 68350 174
12169 44854 104
19337 63018 251
21326 56691 36
35212 64307 251
16224 49639 200
7021 48289 174
36528 59944 225
12599 12864 36
36320 65365 12
12621 11476 12
18862 49656 63
18807 66278 174
19229 12441 61
14113 55666 48
12142 63732 36
18785 65246 57
5734 43594 132
4750 51981 154
32008 47085 15
12645 57153 19
12621 47051 36
40191 36320 36
16224 19292 199
36528 37674 15
36650 49045 18
12229 32574 34
19337 56381 211
36320 12088 36
18841 65822 195
12599 53819 246
35421 12142 36
12142 38118 35
6975 62769 14
19081 65410 64
32008 49926 10
26680 64323 63
35462 12141 36
19281 63176 63
5734 45151 183
5734 63085 15
38148 42824 183
18896 54714 57
11683 32008 15
20062 36943 70
41294 19336 57
20739 21597 15
15231 40475 89
32810 52089 23
24041 42825 80
18188 55908 61
12142 52882 12
17264 63819 154
1102 7009 11
13937 59950 217
18041 63819 60
13419 56047 59
7211 54682 35
6975 63613 225
25941 50502 244
12269 54682 229
21086 65079 18
26533 6998 223
17948 52608 64
32008 61346 18
18785 58591 57
25849 46402 244
26533 52671 184
19336 51062 15
26680 50355 225
21561 12142 12
5734 44316 195
5734 46785 9
16224 59031 59
7004 61723 243
12113 62605 211
12805 43581 35
18189 54583 57
19337 44965 174
18807 67770 174
6975 32565 174
13937 57662 214
24946 26554 150
7004 64385 243
15192 62641 224
24041 63553 24
32000 64278 225
24279 49932 230
17600 65459 57
12142 37475 20
22590 51094 229
19337 66680 211
7211 50973 80
38148 32008 18
1102 60423 11
36202 51759 96
39885 26533 48
15231 48641 24
12621 43168 36
12142 49975 12
16224 65860 199
18121 19336 57
18790 50658 14
3894 2151 154
12142 52383 35
17240 57825 61
18894 63351 62
34911 12142 229
35263 12142 48
36358 67770 174
37380 8934 80
5734 44315 183
37492 63926 200
18855 66953 63
32008 64163 15
21731 21557 76
17195 19336 57
24123 60714 219
35235 56271 244
40144 19336 57
18807 50132 229
18812 58155 12
17406 45547 14
6941 42711 229
35551 12087 229
17887 64086 57
12206 68591 12
11759 64245 4
21074 32487 177
19336 26697 223
7200 50657 186
7004 60542 243
12294 12821 35
36608 49811 12
26126 47064 15
17442 62964 57
12142 12678 35
37617 48289 9
37320 48660 19
41882 36733 59
35212 52544 63
6985 65207 244
36358 55715 89
32311 42603 89
7004 61932 243
12142 48078 35
20923 49997 174
7114 42796 224
36093 41884 9
12142 12621 36
7021 67770 174
17861 19336 57
7042 12232 12
35462 68591 229
1507 63578 4
5734 50475 12
1829 65504 48
6975 48618 251
24963 33736 80
9167 58026 23
6941 53459 177
2278 45653 243
21664 52739 76
35860 45570 174
19336 51645 11
19791 46402 232
15629 67492 89
12619 12142 12
32547 54456 23
2287 65711 4
4080 59950 214
41191 43386 251
41882 65769 225
21326 65981 36
12142 61712 12
17171 63176 63
35188 56234 18
20045 19336 57
35860 65414 64
19336 43418 251
41882 46987 195
15192 45318 229
18790 64171 200
19336 45364 243
36202 51289 186
35860 47823 246
7114 55367 15
12142 54682 35
19336 52680 4
1829 45441 87
10581 26533 15
41191 58650 244
20031 48958 211
17286 46254 57
9138 56340 12
17673 19336 57
17282 64072 192
13419 10610 195
12821 67017 35
38148 59401 48
35235 60599 244
18229 64853 63
21136 58155 12
21326 50973 36
17985 56174 61
1587 63538 19
15629 61399 89
7211 66646 35
7004 47565 52
7114 43703 150
1102 45036 11
12621 24353 36
17406 62604 225
1785 4653 150
36608 54661 11
37202 42713 104
17446 58655 192
38323 58407 11
18812 68565 174
32883 51475 23
12251 46402 20
3834 63340 63
11759 37349 19
32008 59944 174
18102 58603 60
32823 62375 23
7021 49811 12
20953 66061 177
38148 65326 183
2287 46254 4
16224 64171 192
34646 12142 36
32008 61819 12
39162 59944 174
2287 48188 4
20778 67005 48
20972 55750 139
32008 50340 15
11740 40191 36
12621 66556 35
16930 48991 177
18051 58591 57
1076 65576 15
34439 12813 15
6940 26533 229
40286 47156 89
18123 65459 57
35054 12142 12
7114 63181 24
32823 45441 87
7023 67774 174
17488 63610 62
7114 62043 12
12183 54712 174
36202 60653 96
13937 62304 59
20983 46786 76
32311 16145 211
6941 7005 11
21136 66294 12
36506 21326 35
36791 66937 211
32311 49531 211
37617 51883 244
11740 66012 229
32008 47142 229
38148 65207 244
19336 47731 243
36650 53034 34
20893 44973 104
38148 66012 12
7161 36841 34
12621 57725 35
12483 40191 229
17484 48435 60
6985 51516 186
36320 42616 24
38148 32784 87
21326 60879 96
24279 32364 48
25562 62604 244
37474 19336 57
5734 47085 15
8934 51684 23
26533 56679 186
7017 48632 174
32883 45528 23
2287 44970 243
15192 47345 211
5734 32328 174
12483 66012 35
1203 40095 224
17648 66894 63
40302 15649 89
1317 25567 224
36336 26533 15
7114 52056 24
20893 67810 104
20939 60753 12
6940 55070 211
1829 52815 232
5734 55054 9
36320 51897 224
18489 54714 57
12599 52983 229
13529 43780 19
37128 61483 229
12360 12142 36
4587 59591 154
37492 41139 199
9167 50672 23
8149 54987 76
7005 36718 59
19162 63176 63
32008 50293 183
17986 6997 192
15231 66213 89
21154 44108 174
35860 53933 63
7004 7004 120
12621 43132 12
26554 67515 177
37492 62193 195
35235 53416 10
18790 67674 59
32008 32328 225
36171 8149 18
16169 12591 35
17592 19336 57
21326 51709 12
39162 67789 229
21816 22460 72
19337 37085 89
17565 19336 57
12164 67243 229
13937 47419 195
17751 53952 57
36608 68565 174
1075 59944 174
5734 60362 183
21156 13853 12
5734 64396 183
38323 49644 229
12805 12087 36
35860 44252 174
39162 45172 174
19337 47634 52
1829 64689 225
21326 49458 15
18807 42767 229
2007 1829 230
12479 52975 35
5701 50857 57
17107 34437 60
22733 36320 150
17169 63604 62
26533 61430 15
17755 63604 243
19336 45567 80
11576 12142 36
12142 66646 35
36800 53071 15
35604 12142 36
7017 58725 225
7004 45858 243
7004 41188 243
17354 63604 62
12599 66646 35
6737 40475 89
4653 47051 35
11506 6985 64
2087 34778 223
20750 21611 219
32574 68281 87
19336 46772 184
32008 65792 18
35860 42577 174
7043 54698 132
12328 12113 59
18489 51773 57
21326 32328 174
32008 49458 15
7004 50780 174
18144 51258 57
1203 50903 150
35215 12142 48
36202 55722 224
13448 12621 35
12142 53152 12
35860 62506 246
6997 51505 150
13242 45402 35
37492 65860 200
19336 55387 218
41261 21326 224
19791 50205 232
32008 32428 12
35235 38365 224
11740 12275 229
13374 19336 57
36322 37320 34
6975 68469 225
12621 62089 36
21612 61654 9
32574 64816 80
32008 41374 199
38213 50857 57
37294 46402 230
15186 26533 229
1203 65529 4
17286 64050 64
6975 54823 251
11848 12142 36
18104 55754 61
35860 42562 220
19337 66162 15
17465 58084 57
18191 63176 63
37219 36484 12
18931 63176 63
40310 37320 34
6941 47608 224
36943 56743 34
40450 53138 89
6941 48094 12
36320 48608 10
18489 63610 62
15192 49627 224
12142 11765 36
35644 12142 36
12207 54682 12
18104 32432 57
32151 8149 72
32008 44965 225
6975 63612 10
12403 67519 48
6941 42663 224
7021 44234 11
36093 44061 9
6975 45119 14
32008 54597 15
7023 50780 174
18489 7102 57
19336 62674 11
32823 2273 220
21326 66933 243
1854 45545 243
34783 6985 63
38148 60345 18
2287 43655 243
12426 53437 174
1829 57627 18
6941 26518 15
42038 59903 211
17556 65410 64
17576 44663 192
25820 46402 139
26126 49536 15
18807 61014 244
1829 64054 224
17442 42425 57
16930 50811 177
38034 45274 177
6941 37942 34
26118 50355 183
36528 46053 15
21014 21664 219
6985 45059 186
6941 19804 229
22262 65430 237
7023 49997 174
38034 40271 59
2016 64245 4
26533 58230 11
11759 67774 9
18790 17324 57
18835 7102 57
17484 53060 57
6985 60662 18
37483 53611 15
2287 42620 243
13242 45402 36
15115 2273 89
35878 45727 154
13419 64245 191
40286 42602 89
35316 12142 229
26126 53188 15
39162 57965 15
18916 41096 191
11759 44779 237
41191 47111 251
32066 68565 225
7114 49407 34
1829 44702 232
17731 63604 10
7004 26658 225
12864 12142 35
12621 47871 36
18131 55324 63
8149 18072 18
37146 43702 89
32008 50502 15
16224 63578 192
32262 21326 223
36202 45547 186
19550 26533 229
19336 50579 251
11759 44967 9
32432 12142 234
39162 66202 15
6941 62853 232
17972 63176 63
17264 62964 57
21007 57553 11
12142 12517 48
6737 47732 132
5734 55013 9
19132 55210 64
37188 32938 12
7042 13438 12
12142 36497 34
32930 32925 87
12438 12142 229
35188 46333 15
36202 51425 96
12512 12621 35
38063 56346 220
35215 12142 229
11842 44254 232
36320 36216 36
36608 12398 80
17442 43315 57
19337 54596 15
32883 24925 87
6975 52682 174
32008 61304 18
19138 19336 57
12189 12621 35
21086 44915 18
37233 68565 174
33154 32008 18
26361 61377 177
12621 67243 36
32116 21326 229
21326 43070 19
32547 24918 87
6940 43952 211
32008 53681 15
37492 56088 59
13435 66494 64
34444 48660 19
35860 50348 225
4080 47235 191
12204 12140 12
15231 55715 89
1130 68057 12
21326 36914 184
36718 55474 89
21326 58322 15
36202 61309 96
37492 66492 195
32008 47751 19
32458 12142 89
21326 46145 243
32686 24279 23
21664 64346 76
20893 65424 104
15231 43141 89
23775 12621 150
36528 48660 19
6737 2293 177
32008 63935 18
28696 12113 59
32008 44952 12
36320 57085 224
6940 44751 224
7114 63085 15
18812 56394 229
15192 47564 52
9167 56567 23
28879 59141 48
12140 12621 35
37617 15074 59
1829 47051 36
34606 12142 12
6975 44514 174
18914 63604 62
17907 50857 57
17515 63604 192
21358 22376 72
18785 62854 57
23584 7211 229
37617 55219 244
24041 67697 24
4653 51176 89
1829 54586 183
13695 67410 2
2287 56960 2
36320 63017 244
5617 56383 154
5734 63578 4
6941 54573 4
18812 45909 183
18840 63304 63
4653 1607 224
35551 12141 35
35449 12142 12
36651 45150 223
38148 44213 76
32481 48641 36
20912 56166 174
5734 62604 174
21326 43780 19
35978 54109 154
1829 53567 18
15231 56099 89
6941 65860 4
20923 66278 174
21326 43166 36
23584 32481 229
1894 19336 4
7114 44866 20
41096 53819 246
7004 55328 243
32008 64210 225
12164 12087 229
25820 64762 139
6985 57806 186
18097 63340 63
22272 44784 237
40191 12621 35
13419 63911 199
14130 45911 15
36320 66774 224
15192 54142 229
37492 50780 195
20954 62984 12
1509 53658 4
17458 19336 57
7004 50882 174
2197 50584 4
17386 63604 62
35235 53928 10
28879 44719 34
16224 45063 191
16224 59227 59
12169 61409 104
7004 52030 243
19337 63631 36
17477 53180 57
16224 46987 195
13937 61652 195
32574 66278 225
32823 68567 87
34690 7042 229
18790 51291 195
2278 63885 4
26533 55210 64
18807 26679 19
5734 43178 9
41202 35188 15
6941 65405 225
12678 12142 48
12483 65291 36
17907 42425 57
12142 50792 48
12142 60282 36
36320 12087 36
17107 58448 57
24116 21326 80
2287 43725 243
18812 52680 4
41882 51979 63
36718 43777 89
7211 61593 80
26680 57538 72
37669 42602 220
32929 65950 87
12621 12140 35
15629 55715 89
11740 12088 36
40137 50024 64
12621 66646 36
17459 63956 57
19946 53636 59
5776 57518 246
11842 68591 229
3834 53230 62
6941 68565 225
32008 35640 18
25879 50205 139
20995 65306 177
17103 51200 57
26700 12142 48
35235 53525 224
17442 53060 57
36650 53050 243
26605 49356 80
19337 60873 4
12142 12614 35
12420 12142 35
1076 20087 15
36358 61372 19
13393 66626 104
1680 63578 4
12821 40191 35
18104 67770 192
5734 53071 15
33754 32008 18
36718 65405 225
12183 53928 246
26680 44061 243
36692 28563 89
40453 32458 89
1076 47085 15
2287 39944 243
1528 63885 4
7051 65990 34
12142 34558 12
12621 2406 36
7114 58113 48
36528 47105 150
37492 63833 61
6985 47720 132
36800 43325 19
32481 56691 35
19337 64689 225
38148 53819 10
12217 52946 35
32008 11309 12
12169 52968 104
36202 51897 96
2406 12142 36
36374 8934 23
35188 66565 15
12981 25505 189
9156 46442 20
7042 12864 12
32823 53032 23
32481 53053 48
17354 54714 57
17406 58593 15
38034 64000 57
6941 13853 12
8934 54456 23
6940 47499 15
19336 61193 19
40112 5734 73
17640 19336 57
19337 65405 225
40475 36800 89
18013 63176 63
22419 32547 80
37219 19336 230
7023 67634 174
6940 49536 15
17751 54714 57
6975 58710 251
26533 59875 12
21509 51342 251
6975 62604 225
14240 19336 57
6997 45149 186
15231 66447 89
6940 66914 225
13419 42939 10
7114 53032 23
36608 64816 80
5772 65728 199
7211 42968 223
16224 63304 63
4653 53336 36
36608 56640 18
5734 68303 183
12217 62360 12
9126 12821 36
19337 43184 246
36320 48254 224
18175 42689 64
36650 40166 150
12566 12621 35
17406 62161 211
17425 12164 60
16930 47153 244
26652 19336 57
34134 61155 174
18807 49866 11
5734 53388 14
18807 48632 174
13419 53184 200
12621 68591 35
37224 48679 177
24279 62520 80
32574 67770 225
26533 45745 15
36320 1903 224
18131 61763 63
6975 62193 225
41096 65657 251
26126 65390 15
14979 43261 14
7296 65961 23
1372 53050 243
41100 44784 237
21086 65739 18
12426 33864 174
18104 65459 57
7004 52412 243
12621 62159 36
21783 64346 76
2278 52425 186
17406 52292 211
2278 46354 14
16224 63707 200
35212 44990 63
16224 67197 63
32550 63461 63
19337 50929 15
12621 62162 35
24041 47609 24
20955 54658 12
19336 11537 251
18807 53919 36
17442 19335 57
16224 65912 199
6941 43184 4
36358 49121 223
7114 42609 224
12142 54843 35
9156 32655 80
12621 59880 36
38148 52844 229
7114 26658 225
38148 57106 183
7004 48669 243
12170 12621 229
21771 21054 72
12621 34864 35
24041 45392 80
18823 19336 57
36990 32574 24
32008 50710 15
11220 67057 64
26533 51709 12
19336 54795 80
9285 50205 232
33767 68127 87
12621 42893 35
32127 42620 243
37034 67492 89
35188 62193 225
12621 49297 36
17907 63176 63
1076 68102 15
32008 62020 24
35235 42065 10
7211 59507 15
17442 66876 57
8099 55943 24
37233 50780 174
4662 62397 154
24244 46129 87
2287 68565 174
24211 68469 174
17164 44240 61
24294 68211 237
35212 41843 251
22322 36718 15
17473 44866 61
32574 49396 87
24279 56483 80
12142 49505 229
19968 61732 225
35551 64907 229
26533 26658 225
21014 22413 72
7211 57145 19
24123 57969 80
18790 65711 200
21326 65970 36
17473 63690 61
35007 12142 36
40178 58068 15
32008 52297 15
2190 10583 139
15966 49234 229
36202 47608 224
5734 44143 183
12357 19336 57
41191 67770 174
7043 53826 89
12209 66646 12
7114 51306 18
34559 46402 20
20982 20983 72
23584 17406 229
21030 67668 177
12821 7210 35
36608 50780 174
17459 62854 57
12621 12140 12
21156 62377 12
23595 54583 57
7211 37984 80
41096 50156 246
11791 12142 12
12833 12142 48
6941 46736 4
12813 47441 25
5734 66844 223
16169 60441 36
7084 32883 80
34107 57644 183
38148 52877 12
21082 10548 246
7004 54268 243
11220 61732 225
37492 44965 195
19336 67867 15
7109 12142 12
12142 6944 12
19336 61547 15
32008 43257 18
20954 62043 12
17368 58937 192
41096 44860 251
6975 51931 186
21140 19336 57
39162 50710 15
26533 54926 15
17264 7102 57
4828 58591 57
38312 9167 23
32574 32328 225
17107 51995 57
18790 20064 14
32574 59365 23
18807 46736 10
18081 63176 63
22693 64251 15
20947 62627 12
26533 50911 223
36800 45172 225
12216 48094 12
21326 60207 11
17751 63702 61
32547 46129 87
40178 46315 15
1922 2287 19
35188 54597 15
35212 52295 246
12142 59183 34
17907 48162 60
24079 59182 24
1829 51209 18
5734 55072 18
2287 48669 10
12140 12142 229
13419 47051 229
36358 65405 225
6941 43455 4
12142 59766 211
1074 68469 174
35860 63596 251
12621 66254 36
7042 12643 12
13419 50584 199
6941 67770 174
37034 53138 89
16144 4653 150
8149 66494 220
21154 61691 174
17291 63604 62
1104 66492 174
17336 34669 11
17286 35208 60
7042 44012 12
18818 63204 63
36374 9167 23
17187 63604 192
21326 43381 224
12206 47051 12
32823 50634 34
24294 36038 48
38148 59453 48
12167 63511 11
18790 67032 10
6973 7004 120
1076 66565 15
31807 63589 243
17103 67198 63
13435 44740 189
12599 12087 12
4662 45036 192
33655 36320 132
25562 43616 244
39162 66914 225
37179 45172 174
17751 63850 61
32008 40271 59
17406 45000 12
32008 66583 18
37179 65405 174
21509 49997 225
11476 12621 36
40373 12621 229
37492 65529 191
6941 67405 211
15231 47731 243
4828 57825 11
12459 12621 35
19336 58065 15
16224 65466 200
12269 62208 211
6975 44206 174
17144 52852 63
24294 23979 80
12753 12142 35
17368 19335 57
1089 55387 11
17483 63604 62
19337 48372 211
19336 56344 11
26680 45196 64
37089 32547 87
12621 56691 35
16072 54294 20
17166 45232 61
24217 37683 80
7004 62324 243
19205 19337 200
32903 63908 20
35188 36386 24
21266 19336 64
36597 21326 89
40554 12599 235
17286 63604 11
36202 40095 224
28563 15629 89
18840 63944 63
17139 19336 57
17642 63604 62
24323 32898 87
1829 67368 177
7004 12948 243
35235 53120 229
12279 15704 35
24279 49349 24
12621 36299 36
26118 63745 76
2273 15629 89
17164 65410 64
24279 41079 80
26533 46172 15
35551 60441 229
23997 37683 80
18807 48669 10
5734 50584 4
36692 62604 225
26118 46785 184
6941 50752 80
17459 7102 57
32008 62713 15
5734 60248 183
21326 62613 243
33655 36528 132
7004 49026 243
1278 65646 89
20876 57795 73
17406 61241 15
24079 49288 24
6985 63578 4
8149 58527 244
36320 46596 211
32687 49356 80
40450 59801 211
16224 48188 192
37330 12599 235
17205 63176 63
12643 12142 35
9445 19336 57
38139 26533 229
17440 58448 57
20961 41201 200
1829 49857 18
25824 7004 244
18807 47153 244
24963 49358 80
36943 47632 52
17751 43315 57
7004 46628 243
32903 42803 87
1203 51074 244
32008 55216 19
36528 66492 174
36320 37505 223
18104 57825 60
2197 63578 4
4653 32481 229
21326 32480 18
19337 60154 211
15673 19336 57
36320 52946 36
7114 45172 225
6975 63629 174
16072 64247 20
12229 7051 34
36320 42454 223
7161 7114 34
5701 56240 57
20958 56340 12
16930 59944 225
41882 19390 225
19336 43114 251
5734 54894 9
35860 62781 246
36650 44519 18
24294 23979 87
20051 52292 211
17887 19336 57
6941 48669 244
20031 53641 48
32903 67820 87
34329 1130 139
37492 63808 199
32574 68188 87
12142 36343 35
32514 67492 220
17751 17324 57
19337 55146 251
21326 67348 243
19337 63131 186
12113 36710 89
12599 52844 35
36202 63983 96
14061 19336 57
21136 59386 12
40286 53520 89
9138 32485 11
32008 52307 18
5734 50710 15
32903 53040 87
38148 65466 4
24229 12621 229
15192 43147 150
1077 54962 246
17107 64210 61
17992 19336 57
18790 57094 14
35188 63182 18
12142 62689 36
37224 32328 174
1829 66560 183
13937 53240 195
18102 63723 10
41882 53658 191
13242 49099 36
13419 48188 200
21326 44519 18
20939 51060 12
2287 47153 11
12113 50765 34
32574 26658 225
2287 58770 243
1089 45059 11
12621 12217 35
35188 65365 12
36650 65380 18
7023 65369 174
36320 59919 223
12169 67810 104
16991 21326 229
17406 66278 225
21037 62627 12
19336 62382 251
12821 52846 36
39928 65430 243
32008 61261 15
17440 60196 60
12196 54682 229
12142 52983 229
38031 19902 48
19336 68395 211
12621 42910 36
36800 54057 89
32882 32574 87
24294 38081 48
12141 12621 12
6941 41894 224
36608 54128 80
20849 21395 18
13393 56604 150
12164 12088 229
16930 60599 244
12142 15580 36
13353 48134 174
36608 51060 12
19138 57254 10
15183 21326 224
32481 67545 48
18144 61373 57
12142 35598 36
21326 43727 18
36098 32008 15
18102 58603 10
4828 63604 62
1104 48134 174
4618 59639 195
18030 64468 60
12183 68591 12
2287 61014 244
37492 42939 14
1829 65850 12
6975 50165 174
32008 67770 174
38148 47153 244
26533 46042 15
5734 61241 15
21509 68565 225
34856 12142 12
12621 54053 36
12142 34798 12
17264 63819 60
35051 12141 36
6941 54601 4
32008 18058 12
35051 52844 229
12815 39162 34
15789 21326 35
8149 18072 219
32574 57969 80
12215 12621 229
20973 45185 12
6940 53604 12
18489 65091 61
36320 47121 19
8149 32428 244
5734 65748 12
5734 66914 225
35860 2078 64
37201 37201 104
6941 67619 224
20840 46047 174
12621 12232 48
8149 49995 220
41934 19336 189
18000 53060 57
18835 12523 192
6940 62066 9
39928 44311 237
7211 57312 15
2287 48289 243
35545 12142 48
12183 44712 246
32481 64630 48
18123 19335 57
15231 15649 89
2287 62506 10
40178 66323 15
19189 19336 57
22693 59507 15
8149 59415 220
32481 32235 48
2287 42627 18
36718 59885 211
7114 32428 12
19337 63304 63
15231 15269 89
19336 57113 235
32856 49400 80
36528 15616 19
36320 2287 224
17123 19336 57
5734 44398 14
7211 49997 225
1203 52855 150
34444 67789 223
32008 44570 19
4653 66503 89
1829 66278 174
15192 65045 211
35235 66156 224
34444 54723 19
39162 66636 224
17285 19336 57
21110 20953 72
40453 43721 89
11842 47051 229
18106 63615 62
6975 51931 14
36608 47206 15
16224 65825 191
9135 47457 12
19993 65405 174
12216 62506 246
5701 65246 57
32883 24280 34
1075 44965 174
18790 50584 200
37617 68565 9
40450 47731 150
14979 62674 244
29092 6941 104
25562 42661 244
35235 49297 229
12621 52720 36
18929 53180 57
6941 45274 177
18489 43997 57
18841 46661 195
21086 46371 18
17722 59034 63
5734 43453 183
25527 49993 139
38036 32008 15
19281 19334 57
18835 54714 57
19337 67251 15
24059 24963 87
32008 59767 15
15192 46036 211
18058 35235 229
21865 23595 72
34827 12142 35
1829 59453 48
9071 54456 23
16224 65529 192
24279 68452 48
4808 43202 191
12088 38148 36
11740 7042 36
35551 56296 35
21082 39162 219
18807 51289 14
7021 53301 11
18189 51200 57
18131 62081 63
37617 68052 183
24323 62375 23
19111 63204 63
17368 46254 57
21326 36255 36
12621 55848 36
26600 36803 89
19337 66196 211
7211 68565 174
8149 60656 219
6975 42639 246
36650 67105 19
24191 56483 80
37349 15192 12
12251 50205 20
40178 66000 15
19336 65207 11
35235 61319 15
17264 64378 192
21326 67659 243
12525 12142 48
21693 57027 195
4808 51175 191
7169 35860 243
18840 67197 63
1829 59843 18
18064 63699 60
36528 58067 150
7211 66646 12
1829 46215 139
35651 12142 35
13937 61022 195
17556 64017 64
24041 53612 24
21326 53132 132
17751 50857 57
6841 66494 64
40450 45410 211
17200 41191 199
21148 57546 174
1203 59072 89
26533 53071 15
12621 51065 36
35551 60441 35
37179 44965 174
13419 64245 200
17769 19336 57
36800 67770 174
12621 42485 36
13419 36576 59
11759 65636 19
21136 58551 12
34760 12142 36
18104 48134 192
38213 51995 57
17525 55210 64
12087 12217 12
1829 51074 244
22769 7004 243
5772 65711 200
18102 51122 57
17547 63176 63
17721 63699 192
24946 36608 24
12483 60441 229
26533 66492 225
17368 56240 57
7200 51289 186
20958 58551 12
12621 61332 36
39162 59810 220
2287 60879 243
21057 67805 174
37492 66492 225
16270 32008 18
37085 1494 89
18841 55232 61
7017 56824 174
32883 42825 80
19161 19336 57
2278 55042 243
41882 50828 246
21152 44436 174
12621 67826 35
2038 52680 4
35188 26533 229
17389 32432 19
1829 62604 174
1372 62520 243
7004 57011 243
17484 63604 192
36921 63058 89
19138 64799 57
37657 32883 87
11759 12421 235
32823 54955 87
36608 50780 225
12142 35251 36
16072 49898 20
19337 67282 195
32883 32629 23
39764 51291 9
7051 49288 24
15231 49601 24
21326 66492 225
17264 63730 61
36358 67789 223
12183 47153 246
12599 68591 35
17465 19334 57
11325 12142 36
8149 48046 220
34502 19336 57
41191 56202 10
12780 35235 223
35062 40191 229
18807 53130 229
4139 32008 244
41096 50316 251
4653 52407 211
19337 48580 251
35539 12142 48
1829 48679 177
19336 53925 19
32481 52022 35
17937 19336 57
35188 56877 15
36202 65344 96
1829 64261 183
39162 62646 154
35978 64051 154
18835 51200 57
7114 64689 225
24279 61233 24
1203 53190 89
17320 19336 57
19336 25018 251
17286 34012 11
2287 48632 243
41303 68565 225
1829 45518 230
13353 46446 184
7004 65731 243
2273 40302 89
36320 43581 36
7004 50247 243
18101 19336 57
7200 33790 186
1278 63148 89
32008 54733 15
2197 64171 4
23977 26533 229
41191 1765 251
18812 52307 18
19336 67251 15
6737 63555 177
37239 63119 11
18807 49121 229
19337 46736 246
32574 54321 87
26600 12599 235
36358 50132 223
17546 63649 61
35018 12142 35
17273 19336 57
6985 46736 244
26126 66565 15
18915 63204 63
21036 65860 246
36943 55722 224
17205 63865 61
12621 54552 35
11740 55291 36
18123 49797 192
12621 60896 36
9179 32947 23
26118 44061 9
6940 66278 225
17751 17682 60
17907 12523 192
2287 53416 244
22579 2278 244
7211 32727 80
7114 42530 150
25708 50628 76
37188 55878 12
6985 64780 18
17192 51995 57
12113 45446 211
14130 37545 15
5734 44420 183
32824 24067 80
40392 12142 229
32008 65628 229
35234 12621 35
26533 63613 9
36358 59166 19
20924 44935 104
37997 19336 57
10739 65410 64
6941 56773 132
12621 55188 36
12266 12142 35
26680 61391 244
7200 51060 12
21557 67177 76
5734 51170 183
1829 48134 174
12621 12535 35
1829 45172 174
26361 62129 177
6917 36718 59
1829 7042 36
17392 19336 57
4653 50539 224
34722 12142 36
32008 67229 15
17459 63699 192
32574 68202 87
7023 61403 174
32008 47207 15
6941 58230 11
7004 66048 243
3977 6975 174
1317 58843 224
5734 64273 183
6941 51224 80
32008 58725 183
4653 12087 229
32666 32574 87
36165 19336 4
15192 64689 225
37937 26533 48
36650 58067 150
8149 60721 219
15192 54359 15
12169 13446 104
14963 19336 57
12318 12142 35
20893 62648 104
35235 32906 224
7114 45456 150
36650 52034 19
5734 42527 223
5734 49834 183
3892 50580 211
8149 15674 220
12113 64679 177
7114 48632 225
41882 22523 62
38312 32883 23
19138 57254 60
15966 52949 35
7042 43712 12
40373 26533 229
38148 60559 48
14213 19336 57
32481 32727 35
7004 59236 120
35551 12088 35
7078 24067 80
6985 63868 235
7211 66248 80
12142 43472 35
25562 44965 244
32066 50780 225
32008 42512 18
6940 32428 12
8149 63149 220
12433 7042 35
25670 56730 232
17286 53060 57
35188 45758 229
41882 44491 225
34978 12142 229
41096 54923 251
37224 44965 174
24294 67083 237
6940 66202 15
21326 47499 15
34134 43219 174
40286 28563 89
36943 42793 34
11759 45187 186
19993 66834 189
18102 58603 61
12142 63655 35
38148 56890 218
16001 6998 9
12621 60138 229
21326 47154 96
15735 59251 9
12142 12751 35
36718 53092 89
24294 49223 80
32008 66997 12
21415 6941 223
12489 12621 12
32550 52235 63
37103 61429 18
17473 32354 64
23997 32625 80
13419 43254 200
7211 44041 15
18763 63176 63
18060 56791 60
7543 6737 89
22590 65875 229
12142 34722 229
7004 51728 243
36943 59901 224
36320 61030 223
32008 63944 63
18807 63173 244
32008 54620 12
6940 62161 211
34650 35422 35
34898 12142 36
35551 54843 35
1829 44751 224
19336 47631 52
12749 19336 57
7034 60207 11
12142 16058 48
9515 63453 63
11741 12088 229
32741 43751 23
35188 48970 15
5734 54680 243
19337 67196 63
16224 63569 59
18929 43997 57
18812 58594 15
22367 19336 132
39162 60756 223
32008 63752 199
20842 50233 174
6941 47935 224
32008 47900 229
18894 63604 192
38148 61377 177
36201 59458 244
5772 51406 15
2287 24271 243
15115 55715 89
19336 55542 251
6940 66180 224
18790 51283 191
4808 43202 200
7114 67437 235
19342 64378 183
12142 54408 35
18144 48236 57
18155 64799 57
6975 22733 120
36692 59397 89
35188 49811 12
36800 66492 225
7051 43488 80
5734 61548 183
7004 50146 243
17144 67196 63
4808 67515 59
13419 50584 192
6997 59848 23
38148 54682 36
12216 58408 12
5734 66466 235
17240 64086 57
5734 15634 183
21783 52739 76
36320 29222 223
12621 51519 35
8149 46278 220
26533 45485 15
21326 52543 243
32008 50929 15
20933 45172 174
1829 47051 12
18013 54583 57
35860 50302 174
23993 57969 80
34258 47212 174
1829 55713 48
6996 35188 34
2278 66757 184
32008 67616 12
7042 47051 12
6940 32145 18
18846 19336 57
8149 48094 251
38148 52815 230
15735 15648 9
1124 59875 12
10739 55210 64
12142 12142 35
36358 63244 174
12251 1130 20
12621 68595 48
6940 54361 15
19337 48669 246
33841 32008 18
40310 18807 15
21326 42696 243
34559 16063 36
17368 58937 60
17440 36642 57
8149 62641 220
26533 53819 244
26118 52741 139
12142 51532 12
6985 57738 244
35860 65339 246
25708 28563 220
32008 50679 15
40310 12621 35
19336 60599 11
18914 19335 57
12142 12087 36
35235 60864 223
19993 66492 174
5734 61002 223
38148 60441 36
7004 47987 243
23595 19771 189
32008 60916 12
18104 54119 60
18807 1738 223
35860 63453 63
7004 50941 243
19337 20087 15
9515 55324 63
20989 12140 12
6997 65960 23
21136 26680 76
17651 6975 60
36528 48632 225
36320 12232 35
32903 55206 23
36320 62699 224
2016 53184 4
36607 12142 12
24217 52056 24
20957 58725 174
11842 12088 229
41191 45982 251
12599 64073 9
7035 58230 11
4653 63278 224
13937 43845 191
15659 12113 89
35188 67437 235
37220 68469 174
2278 63703 4
7023 46050 174
36718 64304 89
16224 56088 59
21097 21326 224
5734 45112 15
16224 66854 200
7021 49586 11
6941 66278 174
37384 12164 234
8149 51645 11
36692 48632 174
24294 51724 189
36650 42803 243
41882 42896 195
24279 45386 80
37043 12113 89
12479 12445 36
36692 66492 225
6975 44965 195
19336 65576 15
36320 60515 244
12142 67173 36
2287 48134 243
26533 11103 184
26680 59948 235
1130 43212 11
35654 12142 35
32008 54408 195
9126 12821 35
36358 46655 14
4618 42896 195
41191 58710 251
15955 12621 12
17107 63604 192
21152 64336 174
34559 53317 9
37492 64171 200
32741 54456 23
7004 50883 243
12605 12142 36
6944 12142 36
16930 52608 64
34684 12142 12
12113 63389 211
18790 53658 199
18835 43997 57
32008 68098 12
35860 47902 174
1076 53681 15
1124 62627 12
34614 12142 36
17604 67415 243
11740 40077 35
36320 57806 186
20923 67000 177
13115 35860 25
18013 19335 57
17484 44163 57
41096 55544 251
24211 41191 199
36358 54737 235
35468 12142 229
36650 42620 243
38034 44031 191
9170 36320 150
9071 62375 23
36718 56257 34
4579 58391 57
41882 64507 225
32008 67351 15
36320 56293 211
7004 46990 243
18790 65711 191
35711 5734 192
6941 42701 80
2287 56344 10
40077 8934 87
36718 16154 89
18104 67739 57
13937 65551 191
37657 32547 87
13937 65797 199
12142 51913 12
6975 51286 174
12142 12254 35
19323 44337 189
18051 56240 57
7161 7051 34
12142 51534 36
12216 60080 177
41308 63613 225
36650 65544 243
18104 64689 192
17406 59966 186
16224 51151 200
17790 65246 57
18158 63176 63
17858 45655 10
18807 47358 186
36650 51289 186
24030 47971 80
19336 65806 174
7035 51709 12
32550 48504 63
35235 46785 184
24294 49358 80
32311 32194 48
12621 66274 48
36718 68565 225
7043 51176 89
1265 54619 4
1130 48094 12
41882 53184 200
17380 19336 57
26533 58230 224
32008 64943 18
26680 53819 244
36202 60264 96
40191 1829 36
12758 12621 36
18872 63690 192
26533 42620 243
38148 50584 4
16930 62506 244
1076 59767 15
13419 12088 229
21522 32549 76
26727 12142 234
36718 63613 225
12142 49088 12
19857 64278 232
32481 59016 48
24279 64643 48
32008 47457 12
37492 61072 63
1829 7042 35
21326 51654 243
19337 67479 15
12621 54852 36
12621 55123 36
41303 48134 225
19336 43339 251
36202 62828 96
16270 19902 48
1580 46772 184
17676 19916 219
17265 19336 57
5734 59474 10
37128 57125 229
21152 61730 174
17363 63590 154
7107 21326 96
1203 59304 4
6941 66492 225
21326 46184 224
35188 53184 4
24294 32733 48
24229 37538 229
36608 57975 18
12216 48238 177
17266 63176 63
32688 43779 80
12599 56152 186
12142 7207 12
36130 60566 191
17918 63604 62
34771 12142 35
36358 57153 19
40286 55715 89
21326 64603 35
6941 44897 177
18790 57235 195
22778 51995 57
24073 19336 57
5734 66565 15
12621 52866 36
17118 63604 62
16951 37407 15
7004 46479 120
21509 60289 174
18807 62193 225
24123 42825 80
26533 58905 224
32823 49289 87
35490 12142 12
13960 40191 229
12621 12690 35
37492 50658 14
32823 46139 87
19115 35860 192
20954 62627 12
41191 49997 174
20953 54159 139
19337 53826 89
19111 63614 62
1829 59401 48
26533 36322 229
17751 63604 192
12113 59014 211
36320 60441 36
26104 19336 57
1076 13377 18
27888 32008 18
21038 64303 174
8149 63596 220
1442 26533 229
36320 59557 19
36718 64662 211
36650 54658 12
32008 54109 11
6802 46553 195
11759 52168 9
36692 67167 89
20039 32008 18
37643 41096 199
17144 63176 63
36718 57101 243
2287 57112 132
21794 26533 229
21010 67770 174
17406 57806 14
35212 67660 63
32008 64843 59
5701 62964 57
2197 63703 4
24123 61777 80
26680 10453 235
9285 51379 48
16224 51175 200
7211 32785 80
18144 67447 57
38148 49615 12
7042 12406 12
17755 58166 10
18807 59875 12
37320 59716 19
9156 54295 20
23595 46254 57
17241 63604 10
17600 19334 57
12142 12828 48
16270 12599 234
24294 54795 80
32066 64689 174
26680 56344 244
36202 6942 96
12164 52922 35
12142 51424 36
17440 53060 57
32732 49857 18
7004 64467 243
35188 36193 18
17187 63873 60
7004 46523 243
18188 61722 61
1988 54619 4
19333 1130 232
12621 50973 35
17442 65246 57
12433 12088 229
26700 12142 36
19274 32354 64
32008 46995 15
20893 38172 104
18104 53952 57
21326 45311 18
39162 54359 15
41096 59995 251
41191 56794 251
41882 64487 174
7211 50780 174
20933 26658 174
17368 66157 57
13395 24294 34
12142 8446 36
17206 67110 60
7004 42505 243
7004 60122 234
12142 40191 12
7211 49921 24
32903 50655 87
36528 48289 174
12183 66914 174
1203 63885 4
19336 60652 243
5734 35941 12
34505 12142 36
35035 18872 186
35417 12142 36
23465 51258 57
26533 61223 18
35188 43070 19
16224 54158 62
22272 65430 237
36202 47358 186
4625 66953 63
6985 61014 244
35188 62604 174
35089 34584 35
1494 53658 4
17790 66876 57
6985 37475 232
13419 65466 200
11759 65405 174
17406 59250 64
1460 1203 2
18000 63604 192
24279 53015 48
37034 53826 89
36608 50850 18
32597 24279 80
12710 21326 224
25562 48134 225
1587 48008 14
12621 12384 36
21086 44568 18
7114 43751 23
32741 50610 87
2278 43626 15
18155 65246 57
25708 46047 183
34559 12140 12
12142 45059 12
35860 22663 244
17368 63865 192
32823 32825 34
24146 24279 34
15735 65011 9
18104 44665 57
33845 68466 14
7114 60753 12
35004 12142 12
15231 15105 89
16169 52844 36
9138 49811 12
17103 65410 64
12142 58132 35
40077 12621 35
9135 45000 12
7211 67233 80
21326 43410 243
6941 61391 244
36800 44041 15
9285 66427 24
18489 19335 57
13419 37925 59
32514 65647 220
20976 67079 246
35023 12142 12
8149 54658 251
7017 50293 225
41191 62646 10
34928 12142 36
36320 59914 20
6941 50584 4
1829 56313 18
32856 46077 80
21326 52158 96
2287 47796 243
26077 50348 184
41890 53276 18
12142 66012 36
2016 48188 4
1124 65365 12
36528 56374 15
37201 63948 104
37492 51175 191
1829 52844 229
18104 66914 11
13419 60138 14
18104 64174 192
32823 63058 220
12183 7042 12
37256 43718 177
15192 53393 150
7211 43581 12
17192 54583 57
26533 53414 223
1829 60599 244
26533 42803 243
7200 66698 34
13937 61694 191
7004 64404 243
32550 64059 63
41191 2205 251
6940 45758 229
12676 12621 36
19337 45654 243
7042 40283 12
18104 19336 57
8149 44856 220
36202 45292 96
19138 65459 57
22388 26533 2
14130 40115 15
21326 49326 36
18916 41096 199
12217 12621 35
7004 47153 243
2278 54361 15
17218 19336 57
21326 65365 12
21010 68565 174
6975 62632 225
18052 64035 64
13353 43594 132
13242 66012 35
18104 51269 10
26002 46786 184
32728 6985 87
36320 67947 224
11759 61118 244
17406 48010 132
19337 67903 15
6940 66492 225
6997 58061 150
32346 26533 229
24279 42762 24
8149 43058 177
36800 66278 225
36320 60745 224
1506 36320 223
18835 19334 57
9285 64762 232
17803 63614 62
18489 64799 57
35316 12142 48
37617 62304 59
40302 65647 89
35514 12142 36
7114 44977 36
7043 43782 223
4579 67346 64
8934 32655 80
35188 59507 15
35188 65939 15
36650 66082 96
22732 12599 234
21509 66393 251
12621 41965 36
19336 56507 211
20939 43754 12
1130 45000 12
36320 47795 224
12599 40191 12
12621 52895 12
36718 47156 89
17477 52112 57
34454 67254 139
40450 55066 150
36943 62647 224
20995 28589 177
6975 42050 174
6940 62485 18
26533 40310 229
22417 21326 224
7109 34816 35
6941 66914 174
17600 43401 64
22431 50346 76
15629 66503 89
1829 62685 183
23993 32655 80
12483 62360 35
13419 54588 200
19337 55883 184
12621 52972 36
32823 67381 87
35571 34816 229
20840 60291 174
15629 56346 89
18807 37156 14
32883 43779 80
21030 51372 177
36718 46313 174
32574 68130 87
6941 55681 224
17967 58661 192
21486 21326 48
7021 61792 11
18807 53928 10
17886 65410 64
4579 66494 64
36202 57018 96
32008 55210 64
5734 46785 183
13937 51079 195
1829 45306 48
5734 51967 12
6975 46817 174
2287 17324 4
7004 51544 150
19337 59875 12
36358 24067 80
17422 63758 60
15009 45485 154
17409 19336 57
7042 32008 35
7051 56250 80
17240 51122 57
2287 49277 243
19229 37180 59
12088 12483 36
39162 49458 15
14916 36320 223
18051 63820 10
21156 32008 18
18104 35488 192
36250 32008 11
36650 52143 243
11759 64562 9
19114 36718 59
15231 43090 89
21136 36484 12
12433 52844 35
17546 63614 62
12621 55077 36
21326 54910 243
40450 66680 211
2287 61391 244
32883 49321 23
16930 61391 244
21326 54664 19
19993 38362 48
32052 4653 232
36093 54504 12
1587 48643 14
23975 47270 24
12423 15231 89
35476 12142 35
19336 59415 15
5734 57146 230
26591 38081 35
7114 61401 191
5734 64689 225
13353 64303 186
4773 56089 192
16224 63578 200
16930 62506 10
32311 64749 211
37114 12113 89
6941 36877 224
23975 63639 24
33854 25708 244
24294 52580 48
7200 53845 150
40137 44328 64
21612 59012 195
18188 65091 61
1130 55517 12
12217 67413 18
32008 65576 15
12142 52889 35
8446 12142 12
7114 54733 15
5734 49791 223
24323 32655 80
36320 52034 224
24923 21326 48
17286 34012 225
32008 62716 15
40450 66492 225
17604 65368 150
4653 65405 225
15192 49761 150
18807 47153 10
12531 12142 36
8149 63555 177
17286 7102 57
2038 48188 4
37492 68469 225
35235 60745 229
12690 12621 12
35860 62863 246
12621 63064 36
35235 66723 224
19281 67264 57
5734 53130 223
38063 63148 220
37466 7004 120
11759 26658 9
6997 49949 9
17406 33790 14
6985 55565 18
41882 63453 63
26680 35880 72
36320 64762 20
35188 43626 15
12142 12753 35
32481 49601 35
39162 55431 243
32008 63426 18
40305 2287 177
20778 52051 48
36320 54682 36
32687 33736 80
32883 24248 87
12183 67770 174
17648 65653 63
24294 43838 237
7004 38216 243
6941 12980 24
1372 42620 243
12621 66012 36
18104 22391 192
35860 26600 246
12621 2384 48
12621 34864 36
5734 45681 12
41096 58710 251
36800 42461 89
19337 63085 15
36320 64565 35
18896 58084 57
17264 56813 251
7051 64705 24
2016 52680 4
12183 56344 246
26533 49997 174
20939 44676 174
5734 64751 243
38148 62043 12
1102 62397 11
32481 51333 48
18932 63604 62
18807 59877 223
34048 19336 57
37085 4653 89
19190 63788 192
32052 23595 232
36608 52307 18
36358 64693 174
38074 19336 57
5684 19337 195
4653 48134 225
18807 50850 18
36608 65405 225
35860 66876 246
17264 54583 57
4653 47633 52
39162 54109 154
17243 63817 61
32008 43070 243
35188 52056 24
36217 41191 200
32008 61241 15
13149 61147 63
1829 60345 18
35188 66278 174
6941 49766 48
32008 62397 11
32008 56316 15
12142 53790 35
35860 42425 246
39911 6985 64
35235 24353 229
6941 64245 4
21136 67770 174
38148 62193 174
6997 67443 9
32311 59524 96
34120 48188 200
19337 7112 80
22778 17324 57
34922 12142 35
8149 56444 18
7042 12483 36
19336 53071 15
36650 59966 186
36202 36242 96
41191 56295 251
8149 64620 64
21326 48312 243
1265 62189 4
32784 32856 24
16216 65817 174
37492 66278 195
19337 56344 246
32008 60703 243
36608 56005 18
12113 45654 243
1203 66503 89
32116 2287 229
25941 46402 139
20893 42797 104
32008 63210 12
32481 59182 36
21326 47825 132
19275 63604 192
35860 22733 120
19336 60402 15
35860 51142 246
2287 47111 2
19804 18812 15
5734 47878 18
36692 65405 225
1089 62604 174
26533 63278 223
6941 47779 177
7211 24913 80
12142 66288 12
12207 43581 12
18013 62964 57
18191 67999 154
14962 62646 11
5734 68206 183
7022 45632 11
17336 64080 192
36197 8149 72
36718 53138 89
36800 66503 89
26002 64361 184
12216 48669 246
17322 63176 63
36320 24257 224
7004 47905 19
6975 49997 225
35551 52949 36
17187 46817 61
38148 65203 139
17107 63669 61
32008 48140 19
19238 17695 60
6985 35269 235
12599 56177 219
21557 44725 9
18189 60435 192
19113 63672 61
17459 43997 57
21326 50235 15
37617 45251 59
40102 32008 18
4114 48610 59
37220 44371 174
32550 55246 63
6802 54812 195
1829 26658 225
19336 48325 15
4653 66278 174
17351 63604 192
17206 63864 60
12625 12142 229
7200 52425 186
12142 40077 36
35235 48660 19
19281 42425 57
1841 12142 35
32505 19336 57
7200 63641 150
1507 65466 4
41096 59138 251
41882 65711 200
19336 32840 80
21326 63193 223
16224 51783 64
19336 58206 184
7004 12231 243
20867 52295 191
24294 49448 80
6985 67368 177
17492 19336 57
39162 63054 229
13937 48610 59
17192 63571 64
22405 56151 76
19281 56240 57
24010 47298 80
35860 49944 174
17264 50293 192
20827 12813 18
32008 45718 183
15231 66341 243
6940 61152 15
9126 47171 12
1104 32328 174
7211 7106 80
7042 12555 12
17286 51200 57
36528 64096 15
32823 24083 87
38148 43727 18
4662 56020 192
17928 54022 62
24279 49521 34
32565 19336 57
36320 36322 224
1829 43184 244
41096 63813 11
41191 32328 225
19336 68174 217
35632 12142 12
19798 26533 15
7004 55210 64
34877 12142 229
16072 43488 80
5734 49298 223
17406 53129 19
35551 54408 35
12483 66646 36
7211 24007 80
41191 59591 154
36806 61149 89
28563 40302 89
37492 53928 191
11759 42572 19
17192 19335 57
7004 49909 243
1829 62193 174
32894 19336 57
36358 49997 225
18051 63850 61
15192 67405 211
12167 58650 11
36528 37225 15
34922 12142 36
41882 63851 192
19281 63956 57
26533 65294 15
17440 58591 57
36358 68565 225
36692 43457 89
1829 63221 251
11740 50224 20
4773 61791 192
18841 63614 62
12621 15779 35
21326 47631 52
6985 64623 18
36692 37085 89
6966 41096 199
13393 67018 104
35051 43581 229
16224 55210 64
5734 21404 12
33767 68316 87
7004 62887 243
21326 63480 211
12621 55077 12
1829 32784 87
7211 67256 80
26126 50234 15
36650 59495 177
26533 34324 15
32008 68560 52
35188 58594 15
4653 52619 211
17406 66565 15
7004 62193 225
4808 59288 191
38148 47153 10
20961 46840 9
36320 26689 244
22590 63158 229
13419 41191 200
36202 51411 96
37220 63613 174
1124 6996 12
13419 21571 64
41882 59639 195
5734 59933 183
35601 12142 36
1829 41131 154
12621 12142 229
18807 64584 244
2307 46011 184
6975 45326 120
12621 38353 36
12621 56604 35
34773 12142 229
16224 54662 191
19081 58678 59
21154 26533 229
20923 32309 177
32008 13377 18
1680 64245 4
7023 62604 174
39959 21326 224
5734 54619 4
5734 56035 235
4113 32008 18
13937 58795 237
15231 43201 89
32432 12164 234
32625 12621 35
17799 63846 62
1203 36231 89
7211 48055 80
35860 63876 200
18807 61380 223
7042 34890 12
37492 63610 62
19337 44041 15
4808 56104 59
20923 48134 174
4653 47806 24
7004 46313 243
12164 1812 35
17440 45069 61
18155 51773 57
17751 48435 61
32236 4653 234
12113 42506 12
4589 12142 35
15629 15649 89
6940 53525 224
17389 63538 19
7042 35551 35
13242 12087 36
36320 65275 224
35551 23582 36
18807 53819 244
35551 60915 35
11487 12142 36
18178 63604 62
21322 12113 59
18790 50584 199
36692 68469 174
40246 19336 132
21326 57965 15
24229 32481 229
17645 66494 64
36320 61406 224
32008 54041 18
14979 66672 237
24294 52625 48
4687 19336 57
1587 65466 4
17368 58591 57
20893 53526 104
35188 65390 15
18189 53180 57
9140 12142 35
1355 21326 177
32280 1829 229
26126 58322 15
12228 16072 34
6985 57122 235
26533 62627 12
36358 43594 132
7021 48679 177
18102 63604 62
41303 66914 225
7021 54603 11
2278 66914 174
7023 51245 174
41145 41999 48
12217 52998 48
12660 45402 246
12508 12621 36
32008 45311 18
6940 62604 225
12230 24294 34
12621 49271 36
12483 62360 36
19337 67270 15
40186 12142 150
36608 54658 12
35968 4588 183
6985 37156 186
9187 8934 87
17600 51933 60
12142 35514 35
13937 63703 191
14962 59474 11
23997 49169 80
16930 61391 10
19337 60652 243
5734 66492 174
13419 44031 199
32574 68132 87
35589 12142 229
23852 12621 229
6975 19832 225
1089 62193 174
18818 63873 60
25670 59943 232
12621 48889 36
19857 44141 232
32008 22322 18
19336 52067 19
17354 63956 57
18929 58084 57
12488 13615 229
13695 47905 19
13937 55210 64
9138 62984 12
32883 59742 87
36320 47167 19
12142 16058 36
17440 63757 61
18132 61569 61
14994 48419 63
36709 47387 120
22427 64414 73
5734 44707 9
11759 62189 4
16224 57924 191
12621 62113 35
4773 12423 192
40450 49449 150
12958 12621 36
12113 42825 80
24217 46077 80
24279 59952 48
32008 53184 191
35480 12142 36
12142 12566 12
13937 47573 195
36956 12621 35
5734 68493 11
39928 44784 243
12164 68591 229
37216 45274 177
34329 37475 139
17336 64080 11
19281 58982 61
5734 14224 183
21839 46742 76
1203 63578 4
5734 46856 183
37492 65741 200
32574 66034 87
2287 65405 225
26680 2046 234
18058 13615 229
12621 62153 12
32127 58013 177
26087 25771 12
19336 63085 15
17648 52114 63
18835 53180 57
41191 65280 251
32008 62304 59
17885 44619 60
32929 32900 87
1829 68580 232
12621 52859 36
26361 67464 177
9167 47326 23
19283 19336 218
18184 19336 57
32008 43438 229
1130 60380 12
18896 56240 57
12621 13221 35
6975 48436 251
4579 52608 64
36320 47846 211
19260 57825 61
6985 7042 229
12170 64565 12
32127 62520 243
1580 11566 4
18807 53512 12
32741 46127 23
36358 32655 80
12645 59716 19
5734 44108 9
12217 64565 12
1203 62647 224
17057 26533 229
19336 53280 251
18000 63865 60
37220 62604 174
18807 44965 225
36650 47578 18
12621 52865 36
17389 63862 60
23975 65214 24
34182 19336 57
32929 50610 87
34877 12142 35
12142 67277 12
39162 26518 15
38148 64054 224
24294 33736 80
18104 58675 192
18028 63914 61
22590 2341 229
7035 51060 12
36837 43091 243
18051 65459 57
17465 63956 57
5701 46254 57
36093 46817 183
12142 56018 36
12269 40191 229
12621 55495 36
12614 39162 36
25562 66914 225
37224 66492 174
32008 58385 15
39162 64251 15
13615 32428 12
18872 63721 61
38032 12599 234
19238 48435 60
32008 59944 225
34559 12142 12
20939 49811 12
36528 59288 150
32008 62700 15
32008 51975 12
12217 50584 191
21509 68252 174
32823 51948 87
8149 45370 220
18815 19336 57
19336 44334 211
37617 36576 59
17103 67197 63
18915 45194 61
12142 40191 36
4653 63058 89
13937 63588 57
32311 54710 232
18097 63767 60
13419 51903 191
6940 41202 15
2278 64171 4
19336 51094 251
36528 32328 174
17648 47112 63
17443 52544 57
12821 52874 36
26533 52297 15
35978 7009 154
26533 50679 229
36800 66565 15
39162 47366 9
6985 66278 225
24963 32655 80
12621 20064 36
16224 67198 63
26533 50539 223
18790 36723 59
24187 23979 34
36320 60899 224
36202 15807 96
36652 36718 211
1203 52856 150
18807 67643 36
39162 59573 223
2406 12142 48
18920 19336 57
25708 63058 220
1203 50584 4
32008 67809 10
5734 44041 15
36358 57969 80
3791 16224 191
25562 59944 244
17406 43626 15
36358 47732 132
20893 53046 104
2287 66373 243
37463 36692 59
16224 45683 63
20976 50449 174
36718 32458 89
40687 62867 189
32008 49825 18
12621 36216 48
13353 62745 211
26533 48429 11
26680 44965 225
41096 2162 251
22778 54714 57
37320 59208 19
12426 66545 174
21598 12113 64
1077 55250 246
18076 63176 63
36692 66232 89
20983 52739 76
18000 58084 57
18807 17307 150
26533 58408 12
36320 62258 223
32311 51773 57
36320 52711 223
32547 55776 87
7023 32328 174
17473 55210 64
7114 51684 23
40450 51176 89
5701 53060 57
18104 68469 11
17107 63604 62
7004 57334 243
36692 48289 174
41981 19336 57
12169 51083 104
21326 32145 18
15192 64749 211
5684 19336 57
19336 56435 251
36608 45851 18
36202 50749 96
24294 61801 80
36320 61537 224
16224 46889 195
17192 63929 60
17907 19336 57
13419 65466 192
32008 32261 220
4662 56202 192
20045 35860 243
12142 52881 36
12621 61494 35
17336 45196 64
17400 19336 57
5734 46785 184
12621 42939 229
13937 46661 195
5734 68102 15
35089 12140 229
32008 51039 19
21122 48312 12
2287 58727 243
37492 59944 225
5855 19336 57
6985 59914 232
17556 66494 64
12142 58266 36
1494 59304 4
36320 38210 19
17484 19335 57
12142 51685 36
12621 45278 36
16224 66864 191
7211 49997 174
32883 49169 80
32008 51661 18
6917 41191 199
7023 64589 174
34361 46402 139
12426 43843 174
7211 24162 80
17368 64029 57
38148 67802 48
1150 6964 4
35188 55943 24
12459 12621 229
6941 42430 224
7211 47513 80
7114 43705 150
19155 63176 63
9135 54658 12
17389 63607 251
38148 64696 18
25724 19336 57
9288 51470 34
1089 65059 11
7114 64613 24
32066 66914 225
12403 63943 48
36800 28563 89
18797 58718 60
19147 63610 62
32929 56648 23
36320 64688 224
7543 35860 230
24294 49335 24
17406 42572 19
28879 51306 18
16224 40221 59
33787 22878 132
26680 44965 174
7004 60394 243
19336 47564 52
7004 52736 218
16224 62840 199
18919 45175 60
18864 19336 57
19336 61818 15
19337 50424 211
36320 66100 19
2278 43684 14
17925 52975 192
11604 7114 104
23595 59950 217
32574 46389 20
18862 52873 60
25941 64762 139
18872 63714 243
12479 56845 36
13615 53512 12
36718 11103 174
2075 21326 224
24294 44965 174
24294 49356 80
36608 67301 48
37617 45172 9
40178 63933 15
18785 17324 57
11220 64376 174
17406 66914 174
9135 68565 174
41191 54109 10
35825 12821 36
18847 45125 61
19337 67404 211
37146 56400 89
12621 11696 36
11759 49997 174
9126 7042 12
19155 63934 62
35827 32008 11
18790 49539 14
35122 12142 12
21025 68615 76
37216 44965 174
18145 65410 64
8149 45662 219
5734 66162 223
32008 63549 19
40178 50362 15
37617 54919 244
19337 60573 251
41837 68205 15
17771 54119 61
38213 53060 57
3864 38043 218
40178 53427 15
21326 67770 225
17334 35968 154
21326 44074 20
35235 60599 243
7023 67053 174
20867 44031 199
35598 12142 229
36800 49117 19
39162 42573 223
37146 59545 89
35650 12140 36
7210 12621 229
36718 44860 36
38312 12855 23
7005 15192 11
8149 51073 60
36608 59875 12
7042 45433 12
39162 50925 15
32574 48289 225
32852 45441 87
21326 59843 18
35860 15616 19
6940 32328 225
12142 36343 36
20955 45000 12
37492 50293 195
22399 12599 25
41096 65385 251
37555 7004 244
12445 12479 35
21312 21326 220
4808 37314 59
23975 67810 24
21063 47153 246
36650 61459 132
17440 51773 57
35051 60441 229
17910 19336 57
38063 37085 220
20989 64959 12
7023 25843 9
39162 49997 225
26533 53126 15
7098 12821 36
16224 51297 59
25998 46308 139
11766 26533 48
36036 35188 154
12813 63538 19
18812 48615 229
18102 63723 60
16930 44712 244
6941 26658 174
17648 56462 63
5701 54714 57
26700 12142 229
32008 2305 48
25631 8779 23
17477 51200 57
19337 62486 251
12209 12087 12
4071 37999 15
26680 50027 235
20909 21493 72
32311 60822 219
1829 61339 60
19337 67770 225
7114 18771 15
32008 48984 15
18818 63604 10
37492 48669 191
12142 45866 36
7004 52671 243
12603 12142 12
9179 59856 87
7200 58408 12
24090 45567 80
36201 42394 237
6997 68469 174
17887 66876 57
18910 55210 64
32311 54359 15
41096 46942 251
18807 48632 225
21326 43270 11
5734 67184 183
39162 59068 15
32008 44965 174
38407 21326 223
12142 52903 36
26680 62193 225
41191 48486 251
7114 48050 15
41225 21326 224
36608 53459 18
7114 63690 20
12216 62377 12
32729 42818 80
17639 63834 192
5734 67930 12
19227 63683 61
6997 42394 237
35978 62511 154
12113 55887 52
17264 59012 195
35212 50879 63
23975 66181 24
21326 44026 15
17343 19336 57
17887 46254 57
24279 61191 24
36202 50657 186
15231 15233 89
5734 50655 243
20096 63908 76
38034 50726 177
15231 59471 89
17907 63956 57
12142 34634 35
35580 7004 120
19337 48970 15
12981 33898 189
34258 60083 174
41882 67197 63
38148 65750 4
18544 63723 61
32299 7004 120
36650 60899 19
12142 12689 35
19003 66392 61
34308 22693 219
36608 58335 15
16224 67412 64
19114 15192 14
12142 12629 36
32784 32574 24
36718 49889 139
36792 36358 89
36320 6996 12
18145 64017 64
35235 59865 224
26533 66475 15
1100 53512 12
12142 12275 229
1733 26533 229
7042 34584 12
36200 42446 18
36062 50293 183
18812 41202 15
1829 32953 87
5734 42581 223
6941 42394 237
32280 39162 229
6985 54154 9
6975 56538 120
19336 56890 218
7295 49688 24
18807 59182 36
11220 64376 225
4587 67495 154
18173 19336 57
7017 63613 225
36943 56151 9
17406 54963 25
35551 7042 35
6941 20087 15
39162 49121 223
35541 12142 35
37188 56738 104
26533 59091 18
7042 43836 12
1846 64490 225
6941 44031 4
12865 12142 12
5734 35778 12
12142 12613 36
7017 64378 225
17925 51995 57
18066 12113 59
18012 19336 57
21085 43272 11
19337 47298 80
