87 166
87 582
52 1
52 280
52 1073
52 298
186 839
186 893
186 442
186 961
35 688
35 572
193 879
193 250
193 1112
193 816
193 412
193 683
193 728
193 616
193 1099
193 261
193 142
193 1056
193 338
193 1168
193 890
193 354
113 641
113 1120
113 433
113 446
113 255
185 839
185 893
185 442
185 961
149 874
149 65
188 879
188 250
188 1112
188 816
188 412
188 683
188 728
188 616
188 1099
188 261
188 142
188 1056
188 338
188 1168
188 890
188 354
192 879
192 250
192 1112
192 816
192 412
192 683
192 728
192 616
192 1099
192 261
192 142
192 1056
192 338
192 1168
192 890
192 354
161 28
161 1128
161 944
161 504
161 821
161 446
161 773
161 380
161 551
161 357
36 688
36 572
205 879
205 250
205 1112
205 816
205 412
205 683
205 728
205 616
205 1099
205 261
205 142
205 1056
205 338
205 1168
205 890
205 354
144 641
144 1120
144 433
144 446
144 255
148 874
148 65
244 839
244 893
244 442
244 961
15 640
181 839
181 893
181 442
181 961
194 879
194 250
194 1112
194 816
194 412
194 683
194 728
194 616
194 1099
194 261
194 142
194 1056
194 338
194 1168
194 890
194 354
142 879
142 250
142 1112
142 816
142 412
142 683
142 728
142 616
142 1099
142 261
142 142
142 1056
142 338
142 1168
142 890
142 354
219 641
219 1120
219 433
219 446
219 255
229 1
229 280
229 1073
229 298
259 12
259 371
259 1060
259 795
259 718
259 175
259 274
259 323
259 1130
150 1
150 280
150 1073
150 298
214 627
32 688
32 572
151 1
151 280
151 1073
151 298
204 879
204 250
204 1112
204 816
204 412
204 683
204 728
204 616
204 1099
204 261
204 142
204 1056
204 338
204 1168
204 890
204 354
37 688
37 572
12 640
112 641
112 1120
112 433
112 446
112 255
225 1
225 280
225 1073
225 298
196 879
196 250
196 1112
196 816
196 412
196 683
196 728
196 616
196 1099
196 261
196 142
196 1056
196 338
196 1168
196 890
196 354
10 291
10 624
187 839
187 893
187 442
187 961
178 637
178 312
178 37
17 640
114 641
114 1120
114 433
114 446
114 255
208 879
208 250
208 1112
208 816
208 412
208 683
208 728
208 616
208 1099
208 261
208 142
208 1056
208 338
208 1168
208 890
208 354
203 879
203 250
203 1112
203 816
203 412
203 683
203 728
203 616
203 1099
203 261
203 142
203 1056
203 338
203 1168
203 890
203 354
210 879
210 250
210 1112
210 816
210 412
210 683
210 728
210 616
210 1099
210 261
210 142
210 1056
210 338
210 1168
210 890
210 354
180 839
180 893
180 442
180 961
136 879
136 250
136 1112
136 816
136 412
136 683
136 728
136 616
136 1099
136 261
136 142
136 1056
136 338
136 1168
136 890
136 354
68 1
68 280
68 1073
68 298
85 166
85 582
153 989
153 123
153 32
153 157
153 37
133 915
133 1002
133 1078
133 463
133 16
9 640
209 879
209 250
209 1112
209 816
209 412
209 683
209 728
209 616
209 1099
209 261
209 142
209 1056
209 338
209 1168
209 890
209 354
127 268
127 664
39 688
39 572
40 688
40 572
177 197
177 599
177 195
70 12
70 371
70 1060
70 795
70 718
70 175
70 274
70 323
70 1130
221 1177
221 312
221 632
221 1136
221 637
257 197
257 599
257 195
42 688
42 572
198 879
198 250
198 1112
198 816
198 412
198 683
198 728
198 616
198 1099
198 261
198 142
198 1056
198 338
198 1168
198 890
198 354
128 268
128 664
92 119
92 985
92 1132
92 1060
92 867
92 757
92 1140
92 1150
92 393
92 966
92 175
92 606
92 371
139 641
139 1120
139 433
139 446
139 255
201 879
201 250
201 1112
201 816
201 412
201 683
201 728
201 616
201 1099
201 261
201 142
201 1056
201 338
201 1168
201 890
201 354
50 673
50 525
50 1179
13 640
34 688
34 572
89 460
89 229
89 235
89 534
89 418
89 74
89 343
179 839
179 893
179 442
179 961
38 688
38 572
51 673
51 525
51 1179
174 1
174 280
174 1073
174 298
19 640
184 839
184 893
184 442
184 961
207 879
207 250
207 1112
207 816
207 412
207 683
207 728
207 616
207 1099
207 261
207 142
207 1056
207 338
207 1168
207 890
207 354
18 640
176 637
176 312
176 37
190 879
190 250
190 1112
190 816
190 412
190 683
190 728
190 616
190 1099
190 261
190 142
190 1056
190 338
190 1168
190 890
190 354
200 879
200 250
200 1112
200 816
200 412
200 683
200 728
200 616
200 1099
200 261
200 142
200 1056
200 338
200 1168
200 890
200 354
199 879
199 250
199 1112
199 816
199 412
199 683
199 728
199 616
199 1099
199 261
199 142
199 1056
199 338
199 1168
199 890
199 354
191 879
191 250
191 1112
191 816
191 412
191 683
191 728
191 616
191 1099
191 261
191 142
191 1056
191 338
191 1168
191 890
191 354
69 12
69 371
69 1060
69 795
69 718
69 175
69 274
69 323
69 1130
195 879
195 250
195 1112
195 816
195 412
195 683
195 728
195 616
195 1099
195 261
195 142
195 1056
195 338
195 1168
195 890
195 354
14 640
243 1
243 280
243 1073
243 298
135 879
135 250
135 1112
135 816
135 412
135 683
135 728
135 616
135 1099
135 261
135 142
135 1056
135 338
135 1168
135 890
135 354
220 1177
220 312
220 632
220 1136
220 637
49 673
49 525
49 1179
140 879
140 250
140 1112
140 816
140 412
140 683
140 728
140 616
140 1099
140 261
140 142
140 1056
140 338
140 1168
140 890
140 354
182 839
182 893
182 442
182 961
270 879
270 250
270 1112
270 816
270 412
270 683
270 728
270 616
270 1099
270 261
270 142
270 1056
270 338
270 1168
270 890
270 354
11 640
197 879
197 250
197 1112
197 816
197 412
197 683
197 728
197 616
197 1099
197 261
197 142
197 1056
197 338
197 1168
197 890
197 354
41 688
41 572
48 673
48 525
48 1179
245 1
245 280
245 1073
245 298
141 879
141 250
141 1112
141 816
141 412
141 683
141 728
141 616
141 1099
141 261
141 142
141 1056
141 338
141 1168
141 890
141 354
71 12
71 371
71 1060
71 795
71 718
71 175
71 274
71 323
71 1130
138 641
138 1120
138 433
138 446
138 255
202 879
202 250
202 1112
202 816
202 412
202 683
202 728
202 616
202 1099
202 261
202 142
202 1056
202 338
202 1168
202 890
202 354
215 627
258 879
258 250
258 1112
258 816
258 412
258 683
258 728
258 616
258 1099
258 261
258 142
258 1056
258 338
258 1168
258 890
258 354
269 879
269 250
269 1112
269 816
269 412
269 683
269 728
269 616
269 1099
269 261
269 142
269 1056
269 338
269 1168
269 890
269 354
152 989
152 123
152 32
152 157
152 37
47 673
47 525
47 1179
206 627
137 879
137 250
137 1112
137 816
137 412
137 683
137 728
137 616
137 1099
137 261
137 142
137 1056
137 338
137 1168
137 890
137 354
183 839
183 893
183 442
183 961
86 166
86 582
143 879
143 250
143 1112
143 816
143 412
143 683
143 728
143 616
143 1099
143 261
143 142
143 1056
143 338
143 1168
143 890
143 354
132 915
132 1002
132 1078
132 463
132 16
256 197
256 599
256 195
33 688
33 572
5 641
5 1120
5 433
5 446
5 255
