87 166
87 582
186 879
186 250
186 1112
186 816
186 412
186 683
186 728
186 616
186 1099
186 261
186 142
186 1056
186 338
186 1168
186 890
186 354
35 688
35 572
188 879
188 250
188 1112
188 816
188 412
188 683
188 728
188 616
188 1099
188 261
188 142
188 1056
188 338
188 1168
188 890
188 354
192 839
192 893
192 442
192 961
161 28
161 1128
161 944
161 504
161 821
161 446
161 773
161 380
161 551
161 357
165 879
165 250
165 1112
165 816
165 412
165 683
165 728
165 616
165 1099
165 261
165 142
165 1056
165 338
165 1168
165 890
165 354
36 688
36 572
148 915
148 1002
148 1078
148 463
148 16
244 839
244 893
244 442
244 961
15 1
15 280
15 1073
15 298
142 879
142 250
142 1112
142 816
142 412
142 683
142 728
142 616
142 1099
142 261
142 142
142 1056
142 338
142 1168
142 890
142 354
78 915
78 1002
78 1078
78 463
78 16
21 657
21 983
21 943
21 814
21 1039
95 641
95 1120
95 433
95 446
95 255
219 1177
219 312
219 632
219 1136
219 637
164 688
164 572
229 1
229 280
229 1073
229 298
259 12
259 371
259 1060
259 795
259 718
259 175
259 274
259 323
259 1130
150 1
150 280
150 1073
150 298
130 879
130 250
130 1112
130 816
130 412
130 683
130 728
130 616
130 1099
130 261
130 142
130 1056
130 338
130 1168
130 890
130 354
151 1
151 280
151 1073
151 298
204 1106
204 1092
204 1051
12 640
112 641
112 1120
112 433
112 446
112 255
225 1
225 280
225 1073
225 298
65 129
10 839
10 893
10 442
10 961
2 1
2 280
2 1073
2 298
187 879
187 250
187 1112
187 816
187 412
187 683
187 728
187 616
187 1099
187 261
187 142
187 1056
187 338
187 1168
187 890
187 354
169 688
169 572
178 637
178 312
178 37
17 641
17 1120
17 433
17 446
17 255
114 641
114 1120
114 433
114 446
114 255
208 839
208 893
208 442
208 961
80 166
80 582
210 940
180 839
180 893
180 442
180 961
136 879
136 250
136 1112
136 816
136 412
136 683
136 728
136 616
136 1099
136 261
136 142
136 1056
136 338
136 1168
136 890
136 354
68 28
68 1128
68 944
68 504
68 821
68 446
68 773
68 380
68 551
68 357
131 915
131 1002
131 1078
131 463
131 16
9 28
9 1128
9 944
9 504
9 821
9 446
9 773
9 380
9 551
9 357
127 28
127 1128
127 944
127 504
127 821
127 446
127 773
127 380
127 551
127 357
40 874
40 65
177 197
177 599
177 195
198 28
198 1128
198 944
198 504
198 821
198 446
198 773
198 380
198 551
198 357
128 268
128 664
13 864
89 460
89 229
89 235
89 534
89 418
89 74
89 343
179 839
179 893
179 442
179 961
174 1
174 280
174 1073
174 298
19 268
19 664
207 1092
207 1051
18 989
18 123
18 32
18 157
18 37
176 1051
154 940
190 879
190 250
190 1112
190 816
190 412
190 683
190 728
190 616
190 1099
190 261
190 142
190 1056
190 338
190 1168
190 890
190 354
101 1106
101 1092
101 1051
195 28
195 1128
195 944
195 504
195 821
195 446
195 773
195 380
195 551
195 357
59 460
59 229
59 235
59 534
59 418
59 74
59 343
125 291
125 624
14 1
14 280
14 1073
14 298
243 1
243 280
243 1073
243 298
220 989
220 123
220 32
220 157
220 37
240 1106
240 1092
240 1051
140 879
140 250
140 1112
140 816
140 412
140 683
140 728
140 616
140 1099
140 261
140 142
140 1056
140 338
140 1168
140 890
140 354
11 640
48 673
48 525
48 1179
245 1
245 280
245 1073
245 298
120 1106
120 1092
120 1051
215 28
215 1128
215 944
215 504
215 821
215 446
215 773
215 380
215 551
215 357
258 641
258 1120
258 433
258 446
258 255
269 839
269 893
269 442
269 961
152 28
152 1128
152 944
152 504
152 821
152 446
152 773
152 380
152 551
152 357
47 673
47 525
47 1179
33 915
33 1002
33 1078
33 463
33 16
5 641
5 1120
5 433
5 446
5 255
167 460
167 229
167 235
167 534
167 418
167 74
167 343
