627	261
269	913
403	623
963	459
1063	913
1036	913
43	913
1025	339
1026	350
863	1038
46	251
896	913
458	816
112	62
1148	690
989	1
1143	693
343	157
237	690
748	326
804	623
1140	944
908	1163
366	913
138	913
793	913
865	923
1109	925
121	923
900	291
548	165
524	1044
477	913
587	448
537	85
318	1007
137	602
1004	690
270	585
940	28
535	158
708	780
214	913
355	913
437	913
1151	690
484	623
92	913
169	838
584	913
483	726
422	913
91	780
581	913
367	913
2	1073
201	913
197	298
94	442
746	913
638	6
485	173
618	726
411	311
786	913
789	467
294	913
1183	913
125	913
369	85
1078	37
423	85
837	913
543	326
619	844
406	761
488	337
207	72
40	85
1139	452
446	442
372	305
3	913
184	1073
796	913
1019	278
654	1101
171	913
496	337
780	913
679	85
774	602
829	623
217	913
821	1073
518	48
494	827
516	6
18	268
700	913
141	635
10	816
554	277
966	944
662	822
1169	913
446	1073
1154	305
902	48
130	913
623	913
110	780
825	337
930	169
967	913
503	291
85	913
937	85
925	1044
41	913
131	208
330	726
897	1147
779	913
1074	1096
633	913
962	623
133	913
658	913
241	913
637	195
753	913
109	340
460	157
1005	913
951	105
934	923
290	913
66	1044
657	572
752	528
945	913
278	362
163	397
70	1163
660	951
393	944
562	585
652	450
179	690
1092	821
379	913
599	298
858	1101
381	585
212	1042
210	913
835	623
1012	913
875	913
876	913
326	913
1051	6
560	913
916	913
136	85
148	913
1054	865
479	708
387	80
1089	1147
887	913
1108	1
129	940
308	913
128	623
984	1007
1111	913
1133	608
800	913
738	913
75	1
120	913
99	151
605	1101
464	913
1058	6
1099	291
74	157
78	989
69	475
768	910
364	624
795	551
810	291
17	989
661	913
239	337
909	94
1131	913
709	838
229	157
715	690
235	157
98	913
1064	780
656	401
868	337
12	551
486	1007
1137	913
480	913
970	913
336	913
574	913
344	401
1090	291
149	780
873	913
884	913
1008	85
578	1
544	913
990	690
723	1007
253	1042
874	688
224	44
154	479
31	913
348	51
711	971
1052	913
147	913
123	1
155	1161
159	726
1069	913
1001	277
76	913
891	479
904	85
851	865
140	913
651	1078
1129	913
421	913
1165	448
1016	270
692	913
504	1073
514	913
617	913
1098	362
275	1163
717	913
73	913
383	690
333	251
740	85
462	913
272	97
953	326
37	195
828	913
456	913
156	416
349	913
836	923
413	51
38	165
113	913
59	72
261	291
585	509
1049	913
248	913
636	780
72	913
798	479
776	913
980	632
988	1
751	913
520	913
418	157
273	326
323	551
881	913
860	115
688	640
32	1
1055	28
424	913
319	838
925	251
632	32
1027	726
204	913
265	97
762	769
555	253
650	913
25	913
739	913
890	291
75	195
396	913
26	913
593	251
1024	253
848	494
640	280
1117	925
313	990
894	913
920	623
307	459
170	1147
167	451
1093	623
193	921
814	572
346	173
769	925
373	146
911	913
1125	305
927	690
730	913
375	280
677	326
1153	1161
1128	1073
511	1107
806	442
1092	6
644	1021
614	913
867	944
256	193
757	944
586	85
83	452
892	913
208	251
917	913
553	1147
242	913
720	85
1057	1161
404	623
274	6
921	1050
233	85
100	1044
512	913
285	913
827	913
833	856
570	921
119	944
983	572
1144	1044
630	85
923	698
1172	475
368	8
549	913
419	131
371	944
175	551
500	913
1020	51
412	291
824	913
641	442
686	913
444	913
869	913
439	103
705	913
114	913
174	775
579	913
861	1163
931	925
565	690
823	624
160	913
968	115
590	913
175	944
685	690
13	260
847	726
1168	291
29	1
1051	893
1084	1163
724	174
354	291
547	838
764	913
1034	913
918	85
252	155
718	551
913	334
802	913
283	913
395	621
889	547
431	85
234	208
998	193
449	1038
115	690
743	1161
434	913
297	690
811	856
818	624
959	85
972	636
501	913
321	913
236	913
1185	726
22	913
498	1007
1038	913
280	1184
106	85
298	1184
1145	913
669	913
929	690
165	1044
964	337
58	71
849	913
1114	623
55	183
249	337
830	913
791	921
1101	913
1065	923
591	515
822	260
538	913
507	623
978	913
342	913
42	602
807	459
409	913
84	913
781	913
445	392
689	623
944	1073
985	944
259	913
51	1147
1026	48
775	690
940	910
1186	340
676	623
1157	865
27	913
1039	572
52	726
1070	841
357	1073
529	913
770	913
947	913
1147	913
928	623
438	913
609	85
166	463
853	913
406	340
320	913
1060	551
351	353
227	1078
117	690
87	1
64	913
895	821
1159	623
820	305
132	913
813	690
295	913
563	913
706	260
245	1
186	623
1094	726
1118	910
788	726
880	85
450	1163
467	1050
981	780
356	299
1075	913
238	913
341	251
7	913
218	989
882	1
312	195
840	454
1126	1143
699	1101
443	913
405	913
678	913
628	1
487	921
440	913
142	291
870	609
1186	557
992	392
300	982
101	623
522	472
533	85
258	1079
1136	32
1040	913
946	690
228	85
468	1044
347	337
18	775
161	913
859	690
14	103
648	690
254	635
698	547
638	821
457	913
893	691
122	769
356	570
1023	85
303	212
327	913
478	913
1161	1044
213	690
719	769
44	838
68	690
1181	913
1073	1184
1142	277
841	80
1043	913
95	85
287	165
19	326
353	401
513	690
588	913
46	545
741	623
691	690
324	690
817	602
624	375
642	690
360	1126
1068	913
392	585
459	913
156	270
410	913
107	690
653	103
708	494
932	913
1162	1104
822	1143
9	421
1017	913
568	1044
773	1073
385	726
771	131
30	1161
924	921
997	208
613	85
399	865
63	1078
453	1135
244	913
1095	1037
610	1147
640	115
957	913
337	913
620	913
150	913
603	416
226	690
645	913
713	312
627	265
589	913
819	85
35	913
1091	913
262	20
492	824
127	1073
48	913
548	416
843	913
200	690
1106	821
65	688
1028	838
335	690
734	913
1112	291
476	913
596	37
183	448
162	913
1180	37
357	6
749	921
88	305
220	662
672	397
1171	339
1173	467
1050	165
288	173
216	913
1150	944
1086	913
1051	821
935	913
209	1147
1014	913
1007	780
980	775
203	804
813	197
564	303
299	921
854	925
606	944
264	467
733	690
67	6
976	913
71	624
687	913
762	340
1045	268
898	913
542	636
1031	337
1115	270
1182	913
794	777
407	677
1032	208
826	448
465	913
376	85
545	913
470	913
860	1
489	913
919	913
6	1184
1009	660
638	893
187	856
67	1073
1166	690
158	397
416	1088
637	32
986	913
698	251
126	609
96	913
999	624
852	71
475	270
230	1073
551	1073
1056	291
567	570
191	392
81	913
472	923
134	913
1107	519
965	1157
675	913
276	769
694	913
805	913
451	270
607	838
274	551
377	913
143	913
144	602
398	291
1141	1073
969	965
53	1073
948	913
219	913
782	913
816	291
494	838
572	640
34	260
680	913
15	913
56	925
634	913
701	115
949	1007
601	913
991	913
906	913
845	602
639	326
363	562
1097	913
481	401
401	708
831	85
815	913
663	152
754	913
971	165
846	530
442	624
315	624
821	691
1033	913
1071	913
772	108
232	475
473	913
37	1
516	599
430	913
361	397
521	913
231	788
317	509
1085	152
183	72
626	277
982	913
1155	291
580	623
910	94
77	913
857	913
495	1161
420	60
447	891
727	913
622	913
266	913
180	913
289	1005
566	913
635	585
151	1007
582	463
871	1095
441	103
832	925
558	913
697	450
664	726
1113	913
777	913
384	131
198	780
1158	623
1059	816
528	1050
374	528
109	708
912	623
666	1088
211	337
1123	253
944	6
432	946
267	913
427	913
987	1088
1	1184
1080	913
975	1163
616	291
1029	925
922	913
338	291
956	913
425	654
1030	913
1044	913
1021	1073
58	6
961	6
1178	623
506	913
725	804
102	401
674	913
1096	416
684	925
284	913
502	340
152	277
291	375
759	1044
1102	913
866	913
546	562
499	152
1007	1147
1042	118
370	94
311	913
783	85
502	921
397	1050
1110	913
995	913
550	769
716	337
505	925
561	20
1149	253
1060	944
577	690
877	913
808	913
531	913
747	85
888	913
527	85
471	913
469	913
699	48
722	913
518	395
766	690
721	72
292	585
654	48
1072	562
429	1104
915	37
647	94
93	291
611	337
157	1
878	913
508	60
755	1007
53	599
879	291
250	291
202	1038
79	990
1096	698
146	635
1003	270
523	856
59	448
903	1
382	1161
1134	913
454	804
1035	51
282	832
872	769
312	32
799	923
973	598
744	305
510	48
144	416
1176	1101
735	913
325	690
61	131
194	913
1006	632
726	690
103	913
960	677
306	1147
331	1163
89	690
977	623
1164	85
736	690
33	989
386	105
671	989
408	816
301	913
45	1109
996	913
428	623
695	174
939	913
597	913
97	816
8	913
534	157
552	913
993	913
1048	769
1104	277
310	913
812	965
20	1007
1152	662
541	268
223	97
1103	865
1160	690
316	451
576	48
281	1147
693	8
1105	913
176	913
62	1147
1179	874
400	913
90	913
532	913
797	913
391	85
199	623
388	291
86	623
839	624
784	913
268	726
402	913
693	109
938	85
646	913
314	260
850	416
1066	913
389	989
1124	397
778	311
790	1007
49	623
302	913
952	913
886	913
761	318
539	913
426	913
1081	562
329	816
332	623
257	623
111	618
559	913
905	726
855	362
668	1161
548	827
774	20
243	37
461	913
145	913
509	1147
417	913
474	913
742	913
809	1
29	195
1076	913
682	268
463	37
352	893
955	1050
625	913
222	913
600	509
1011	1109
681	152
452	1044
271	913
893	624
205	726
1083	913
466	270
4	515
305	690
124	913
659	337
1127	913
844	562
296	20
731	726
1100	913
82	51
683	291
649	913
926	1073
673	874
195	298
57	913
1167	60
763	623
1077	358
602	1007
569	570
1156	913
629	277
378	921
787	448
371	551
340	1088
702	570
750	690
414	913
258	72
433	442
1013	913
260	401
1177	32
732	913
390	711
1174	1044
54	913
293	913
286	951
1037	1074
36	270
604	913
182	251
703	1007
16	37
1022	913
615	913
144	20
1041	913
941	925
190	913
172	197
994	690
436	913
621	1042
603	1011
517	515
842	594
1122	913
714	173
23	913
350	621
1058	94
628	195
251	913
1138	913
655	337
185	690
643	913
279	913
206	913
809	115
710	20
164	913
345	925
864	305
380	6
712	105
838	118
28	1073
221	913
358	913
1120	442
309	475
1163	913
950	913
954	726
850	45
721	448
1130	551
526	1050
380	1073
1046	509
785	602
215	401
304	913
1146	85
899	62
455	454
255	442
490	509
352	821
665	85
1132	944
631	585
1015	85
21	326
901	913
690	1184
362	698
592	636
1010	777
536	913
576	1101
883	913
168	251
1000	337
943	572
188	442
758	913
328	913
448	913
583	509
598	401
1051	599
368	509
519	923
608	528
914	921
667	1050
108	344
547	8
1082	165
564	72
118	913
192	270
803	623
24	337
862	913
540	903
936	311
557	318
767	165
196	20
979	623
573	1044
69	466
135	1061
5	690
322	174
958	913
47	777
756	913
11	913
359	1101
50	989
612	291
801	913
1175	515
765	72
435	690
515	636
728	291
856	925
1047	913
745	270
0	103
1088	913
491	989
974	913
1002	37
60	1042
525	874
415	838
1062	690
595	623
497	925
104	913
1048	856
933	105
370	6
792	913
339	609
571	913
116	690
181	623
1135	51
1079	212
1061	933
368	340
493	1007
173	690
575	623
177	913
246	690
704	623
247	1163
1018	913
1116	623
762	856
885	60
737	913
670	856
1119	115
1087	690
482	913
729	816
178	1007
556	933
942	913
139	913
961	624
153	690
277	1088
91	1012
760	913
365	305
834	913
80	893
172	690
707	913
1157	1037
594	600
394	913
39	326
1053	913
263	913
504	6
1092	893
1170	85
1067	799
105	118
907	913
189	51
696	913
1121	51
530	913
1074	827
225	913
240	1147
