57 182 
160 0 5 26 32 37 51 74 99 106 114 117 121 132 133 143 162 176 196 204 205 214 215 220 224 225 226 227 231 234 237 238 243 244 247 273 278 7 10 20 29 47 60 73 123 145 159 173 185 192 216 262 88 101 128 155 131 199 
189 
43 
50 
142 
100 
12 11 
141 
208 
122 
13 1 251 
23 
223 
8 
67 
61 
153 39 257 269 
97 265 
197 9 
125 
168 
276 261 
152 
188 
112 48 54 277 
4 71 110 
154 91 
167 139 202 
270 78 
36 
75 35 
275 
84 
217 
94 
195 
24 
66 103 147 166 232 
90 
177 178 
158 
274 
113 
218 
146 
210 
38 
64 
55 
181 
62 44 65 272 
207 46 256 
248 6 
40 
124 212 
86 
171 228 271 
2 
80 118 
241 
219 
175 126 184 
56 19 
18 
198 149 194 
108 
245 120 
150 
3 183 
77 
87 
33 259 268 
93 
267 
164 
28 
258 
186 14 52 
233 
63 
235 89 115 209 239 242 49 179 187 140 246 
27 
111 
81 165 
190 
236 253 
172 230 
17 
201 105 116 
221 
119 170 
137 249 83 174 206 25 79 130 213 
151 
104 
92 
82 16 
76 
180 
31 
264 
263 
157 
21 
70 45 
68 
255 
222 
203 
53 
109 
260 
129 
58 
42 
163 
200 
96 
148 
191 
254 
169 
41 
72 
127 
22 211 
34 69 156 
59 
107 
15 
193 
252 
30 229 240 
266 
102 
85 135 
250 161 
98 134 136 
138 
95 144 
