231 
134 
9 147 
51 160 
49 222 
207 
122 148 
252 
249 
189 127 
90 
235 
258 12 159 170 245 253 
155 158 
131 
22 
28 96 
98 
244 243 
184 76 
171 
8 
87 
141 
150 
110 
259 
99 75 97 239 
79 
153 
202 
214 217 
34 
125 220 
135 
241 251 
248 
218 56 
37 
77 
0 
23 
104 
57 
190 
132 
27 91 
162 26 33 42 151 163 178 
198 197 
43 
4 
68 161 
193 195 
238 
50 120 
180 246 
209 
129 70 73 
61 60 
140 142 143 
71 168 250 
240 116 
137 
78 
257 
2 
167 103 211 224 
14 
81 
83 93 126 216 
10 154 192 107 269 
123 
38 
15 
236 
58 232 230 
188 136 165 
176 177 
226 
31 
92 29 69 237 
84 
204 
114 
106 7 
186 
266 20 263 
139 82 
181 45 52 187 227 242 
44 16 30 41 149 206 1 53 55 65 111 115 119 156 203 109 194 
229 
24 
270 
17 74 88 145 228 254 268 85 94 233 
201 
121 
6 13 124 205 
261 
113 
117 
223 
32 
234 
5 
138 144 146 175 183 
11 
48 262 
200 59 173 191 199 210 
215 
260 
157 255 
174 225 
40 3 18 21 39 86 112 
108 
219 
133 
100 
25 105 182 212 264 
62 
54 67 72 128 265 271 
185 101 102 
179 
256 
164 
46 
169 
130 
267 
35 36 47 80 
208 19 63 64 95 166 172 196 
152 221 
247 
213 118 
66 
89 
