64 
313 37 242 
99 
7 
196 218 269 
241 
193 
252 
102 
13 
266 
290 9 32 33 39 61 63 85 86 88 91 96 97 98 100 107 109 176 187 191 214 216 230 238 243 262 274 299 308 315 316 319 16 77 95 116 117 120 125 174 180 227 231 250 267 268 276 287 295 296 297 310 49 140 211 237 249 251 3 10 115 135 205 
298 
5 229 
280 279 
282 
84 
94 
247 
161 25 124 
221 
171 30 130 162 170 
183 55 283 
2 236 
20 
167 
235 
82 4 81 139 200 
121 
182 
78 
114 
213 
17 
8 58 60 101 277 62 
133 
11 12 108 194 68 112 233 244 177 
160 
156 203 
105 146 
178 
144 
14 41 80 190 318 
118 
166 
134 83 225 
111 34 45 46 
155 255 
75 232 
311 22 
158 
246 
278 
257 
181 
292 71 189 234 
57 38 51 90 195 
42 15 131 147 192 253 294 
50 
188 281 
320 
79 103 
0 
142 309 
239 317 
168 
141 143 
163 240 312 47 129 212 289 265 
27 
35 172 
291 
44 
305 
198 
209 210 
28 43 
285 284 
186 
293 
248 159 
31 
219 
270 36 288 
201 123 
52 
132 
126 164 264 
275 273 
303 
226 
185 184 
259 260 261 
153 152 
263 
69 
154 
29 19 122 169 
256 
272 
254 21 65 
157 
228 70 
104 
1 
119 
67 
73 72 
48 173 306 
53 
113 
6 
222 302 
26 
202 
24 59 128 220 304 
286 206 
54 
106 151 175 
258 
165 314 
271 
74 
217 207 
18 
92 
149 56 
23 87 93 
245 
89 
215 
137 
208 136 
199 138 
179 
40 127 
150 
76 
204 300 301 
66 
145 110 148 197 223 224 307 
