202 
2 23 103 109 285 0 21 117 
185 
59 
129 
119 
98 
16 82 
289 
36 
86 
195 
266 
247 58 
282 
184 
30 97 
66 87 114 
292 
311 
80 
19 163 252 
313 281 
42 
214 
118 
187 
243 
181 22 178 
230 
254 
262 72 104 110 140 207 32 
279 
65 
284 
191 
38 
193 
277 48 
24 13 1 
169 
6 
208 
95 
166 18 
44 
90 
100 
107 173 183 227 
210 
102 
56 219 
25 47 130 132 233 167 271 74 
28 
177 253 
188 
283 280 287 303 306 310 312 302 
68 79 113 198 144 216 267 149 
142 
145 57 249 255 
300 
17 
223 
190 189 
209 89 
50 
215 
274 91 154 
268 
3 
54 93 261 276 
15 
296 
92 125 126 
158 157 
225 224 
239 49 150 164 238 133 33 155 99 
291 
295 
248 
260 
112 263 307 
212 
192 
182 
7 20 121 137 146 5 29 138 106 
315 
179 120 
222 
165 81 31 
64 63 180 
12 
244 26 
45 34 69 156 
52 14 61 78 270 
298 
304 
221 51 73 159 197 123 128 162 232 259 88 176 204 273 83 94 160 174 234 9 205 199 153 269 10 143 206 60 278 257 
96 127 
37 
251 
53 
297 
131 40 
111 
27 
70 172 186 299 
246 
175 84 147 301 
228 
101 
135 
35 
122 
168 
256 245 
308 
264 
139 
213 
196 
286 314 
201 105 229 
218 
108 
220 8 43 151 152 171 226 235 236 240 241 290 237 242 
170 76 
272 62 200 
275 305 309 
11 
203 
250 161 
77 
148 4 55 71 217 
39 
115 
46 
134 
75 
265 
194 67 294 
124 
231 
116 
141 258 
293 
85 
41 
288 
136 211 
